# 
# Dokument z dolzinami vzmeti, casi zajemov in tockami.
# 
# Obdelane so slike v obsegu od './slikePoravnane/nelin/000-145500.jpg' do './slikePoravnane/nelin/469-150149.jpg'.
# 
# Podatki so shranjeni v sledeci obliki:
# DolzinaVzmetiY[0], Cas[0], TockeY[0]
# DolzinaVzmetiX[0], Cas[0], TockeX[0]
# DolzinaVzmetiY[1], Cas[1], TockeY[1]
# DolzinaVzmetiX[1], Cas[1], TockeX[1]
# 	...
# DolzinaVzmetiY[:], Cas[:], TockeY[:]
# DolzinaVzmetiX[:], Cas[:], TockeX[:]
# 
# Koordinate x narascajo desno, y pa navzdol.
# Ce je 'DolzinaVzmeti' 10000.0, je bil nosilec povesen preko meja slike in ni bilo mogoce zajeti vseh tock.
# Nezajete tocke imajo koordinate 10000.0.
# 
# 
-332.83 150023 1573.29 1573.60 1573.73 1573.61 1573.13 1572.28 1572.09 1571.55 1571.61 1571.26 1570.50 1570.27 1569.58 1569.42 1568.79 1568.59 1567.81 1567.40 1566.44 1565.90 1565.75 1564.96 1564.53 1563.51 1562.85 1562.54 1561.56 1560.85 1560.35 1559.07 1559.02 1558.06 1557.35 1556.81 1555.44 1554.22 1554.16 1553.23 1552.42 1551.63 1549.83 1548.95 1548.05 1547.07 1545.95 1544.67 1544.24 1542.71 1541.05 1540.23 1539.23 1538.18 1536.94 1535.47 1534.73 1533.71 1532.37 1530.71 1529.67 1528.31 1526.57 1525.40 1523.82 1522.90 1521.49 1519.55 1518.03 1516.93 1515.27 1513.03 1512.16 1509.71 1508.74 1507.16 1505.86 1503.88 1502.18 1500.76 1498.59 1496.84 1495.33 1493.08 1492.02 1490.18 1488.51 1486.04 1484.91 1482.98 1481.18 1479.53 1477.03 1475.77 1473.60 1471.51 1469.46 1468.43 1466.49 1463.82 1462.14 1460.47 1458.82 1456.22 1454.78 1452.40 1450.97 1448.54 1446.13 1444.80 1442.48 1441.03 1438.53 1436.87 1434.34 1432.61 1430.74 1427.78 1425.82 1423.70 1421.39 1419.83 1417.15 1415.49 1413.66 1411.64 1409.41 1406.98 1404.54 1402.81 1399.82 1397.74 1396.32 1393.69 1391.67 1389.35 1386.96 1384.25 1382.16 1379.95 1377.42 1375.53 1373.32 1371.00 1368.29 1366.15 1363.82 1362.04 1358.92 1357.28 1354.54 1352.36 1349.82 1347.82 1345.63 1343.01 1339.94 1338.52 1335.71 1333.36 1330.57 1328.51 1325.99 1323.02 1320.73 1318.88 1316.52 1313.66 1311.51 1308.89 1306.72 1304.31 1301.41 1298.98 1297.26 1294.14 1291.41 1289.37 1286.80 1284.62 1281.91 1279.86 1277.28 1274.17 1271.66 1269.48 1266.75 1264.65 1261.99 1259.68 1257.13 1254.10 1251.42 1249.26 1246.39 1243.83
-2686.63 150023 100.00 110.00 120.01 130.01 140.00 149.97 159.97 169.96 179.97 189.96 199.94 209.94 219.92 229.92 239.90 249.91 259.88 269.87 279.83 289.82 299.83 309.80 319.79 329.75 339.72 349.73 359.68 369.66 379.65 389.58 399.61 409.56 419.54 429.53 439.45 449.38 459.41 469.37 479.34 489.31 499.18 509.14 519.10 529.05 538.99 548.91 558.92 568.81 578.69 588.66 598.61 608.55 618.48 628.37 638.36 648.31 658.22 668.09 678.04 687.94 697.80 707.73 717.61 727.58 737.48 747.30 757.18 767.13 776.99 786.76 796.75 806.48 816.46 826.33 836.25 846.06 855.92 865.82 875.59 885.44 895.32 905.08 915.05 924.88 934.74 944.45 954.41 964.23 974.06 983.93 993.63 1003.57 1013.34 1023.12 1032.91 1042.89 1052.70 1062.37 1072.23 1082.10 1091.97 1101.64 1111.55 1121.28 1131.19 1140.90 1150.62 1160.55 1170.28 1180.19 1189.89 1199.76 1209.44 1219.30 1229.13 1238.72 1248.52 1258.30 1268.03 1277.92 1287.57 1297.45 1307.28 1317.08 1326.83 1336.53 1346.23 1356.09 1365.67 1375.45 1385.38 1395.04 1404.84 1414.56 1424.27 1433.91 1443.69 1453.45 1463.12 1472.95 1482.71 1492.43 1502.07 1511.84 1521.56 1531.42 1540.95 1550.85 1560.47 1570.23 1579.91 1589.71 1599.47 1609.12 1618.67 1628.62 1638.22 1647.94 1657.55 1667.34 1677.02 1686.59 1696.32 1706.17 1715.89 1725.48 1735.25 1744.90 1754.67 1764.37 1773.96 1783.66 1793.54 1803.06 1812.68 1822.48 1832.15 1841.91 1851.54 1861.34 1871.00 1880.53 1890.21 1899.97 1909.60 1919.38 1929.02 1938.75 1948.42 1957.97 1967.61 1977.38 1986.96 1996.63
-1384.83 150023 1573.36 1573.68 1572.76 1573.58 1573.08 1572.22 1572.03 1571.48 1571.60 1571.36 1570.68 1570.50 1569.82 1569.65 1568.95 1568.69 1567.85 1567.41 1566.40 1565.82 1565.63 1564.84 1564.41 1563.36 1562.66 1562.30 1561.25 1561.44 1559.87 1559.52 1558.35 1558.42 1556.68 1556.08 1555.62 1554.28 1554.05 1552.96 1552.00 1551.08 1550.17 1549.23 1548.28 1547.27 1546.13 1544.84 1543.36 1542.72 1540.96 1540.02 1538.91 1537.73 1537.32 1535.72 1534.87 1532.75 1532.23 1530.35 1529.05 1527.38 1526.29 1524.75 1523.88 1522.58 1520.79 1519.47 1517.60 1516.14 1514.13 1512.48 1511.33 1509.57 1508.17 1507.10 1505.38 1502.97 1501.83 1500.02 1498.42 1496.21 1495.18 1493.39 1490.84 1489.45 1487.26 1486.39 1483.77 1482.25 1480.82 1478.56 1476.39 1475.46 1472.70 1470.93 1469.26 1467.64 1465.09 1463.70 1461.34 1459.91 1457.55 1455.37 1454.17 1452.01 1449.84 1447.68 1445.50 1444.40 1442.27 1440.06 1437.76 1435.57 1434.19 1431.70 1429.07 1427.24 1425.44 1423.44 1421.22 1418.77 1416.32 1414.63 1412.75 1409.71 1408.57 1406.25 1403.70 1401.83 1398.76 1397.51 1395.04 1392.30 1390.41 1388.22 1385.74 1383.88 1380.75 1379.37 1376.70 1374.64 1372.48 1369.96 1367.07 1364.74 1363.18 1360.29 1357.96 1355.46 1353.50 1351.12 1348.33 1346.29 1343.80 1341.77 1339.28 1336.53 1334.26 1331.50 1329.43 1326.94 1324.90 1322.62 1319.84 1317.49 1314.63 1312.42 1309.73 1307.43 1304.87 1302.77 1300.16 1297.26 1294.80 1292.76 1290.44 1287.62 1285.18 1282.39 1280.00 1278.05 1275.52 1272.64 1270.11 1266.98 1265.38 1262.28 1259.78 1257.60 1254.92 1252.67 1250.08 1247.67 1244.56 1241.83
-93.20 150023 100.00 110.00 119.99 130.01 140.00 149.98 159.98 169.97 179.98 189.97 199.95 209.96 219.93 229.94 239.92 249.92 259.89 269.88 279.83 289.82 299.82 309.79 319.79 329.74 339.72 349.71 359.67 369.71 379.62 389.62 399.56 409.60 419.49 429.47 439.47 449.39 459.41 469.35 479.30 489.26 499.22 509.18 519.13 529.08 539.01 548.93 558.83 568.82 578.68 588.64 598.58 608.51 618.53 628.41 638.38 648.19 658.21 668.04 677.96 687.82 697.77 707.65 717.63 727.54 737.39 747.30 757.13 767.02 776.83 786.69 796.64 806.48 816.39 826.35 836.20 845.93 855.88 865.72 875.59 885.35 895.33 905.17 914.87 924.78 934.55 944.55 954.24 964.13 974.03 983.78 993.55 1003.55 1013.20 1023.05 1032.91 1042.78 1052.47 1062.39 1072.12 1082.03 1091.75 1101.52 1111.47 1121.24 1131.00 1140.77 1150.53 1160.51 1170.29 1180.04 1189.78 1199.53 1209.46 1219.16 1228.82 1238.65 1248.50 1258.29 1268.05 1277.74 1287.44 1297.31 1307.14 1316.71 1326.70 1336.43 1346.10 1355.93 1365.49 1375.46 1385.16 1394.79 1404.61 1414.37 1424.06 1433.90 1443.43 1453.38 1463.03 1472.81 1482.58 1492.26 1501.85 1511.58 1521.49 1531.08 1540.80 1550.48 1560.30 1570.01 1579.62 1589.42 1599.11 1608.91 1618.59 1628.21 1637.95 1647.57 1657.36 1667.04 1676.84 1686.58 1696.19 1705.91 1715.50 1725.26 1734.89 1744.63 1754.29 1764.08 1773.73 1783.31 1793.01 1802.81 1812.53 1822.13 1831.83 1841.44 1851.15 1860.98 1870.65 1880.23 1889.91 1899.43 1909.34 1918.87 1928.55 1938.32 1947.95 1957.70 1967.36 1977.07 1986.58 1996.20
-1373.89 150025 1573.35 1573.67 1573.73 1573.52 1572.94 1571.94 1571.58 1571.83 1571.68 1571.13 1570.12 1569.62 1569.63 1569.13 1568.09 1568.46 1567.25 1566.42 1566.01 1566.01 1565.41 1564.16 1564.27 1562.77 1562.58 1561.70 1561.09 1560.73 1559.58 1558.63 1557.91 1557.33 1556.90 1555.60 1554.38 1554.27 1553.23 1552.27 1551.38 1550.47 1549.51 1548.49 1547.41 1546.24 1544.92 1543.43 1542.73 1540.93 1539.93 1538.85 1537.57 1537.05 1535.31 1534.34 1533.08 1531.45 1530.42 1529.02 1527.17 1525.91 1525.17 1522.99 1522.47 1520.49 1518.98 1517.88 1516.25 1514.03 1513.13 1511.56 1509.54 1507.85 1506.44 1504.32 1502.43 1500.79 1499.59 1497.61 1495.82 1494.20 1492.75 1490.49 1488.37 1487.50 1484.80 1483.15 1481.58 1479.16 1477.94 1475.80 1473.69 1471.59 1469.51 1468.39 1466.50 1464.59 1461.64 1459.58 1458.38 1456.32 1454.15 1451.90 1449.54 1448.25 1445.90 1443.46 1441.85 1439.16 1437.51 1435.67 1432.75 1430.61 1429.45 1427.10 1424.51 1422.64 1420.52 1418.34 1415.88 1413.16 1411.32 1409.22 1406.86 1404.21 1402.45 1400.36 1397.95 1395.22 1393.30 1391.03 1388.43 1386.36 1384.15 1381.57 1379.53 1377.07 1374.48 1372.42 1369.94 1367.28 1365.11 1362.47 1360.29 1357.87 1355.88 1353.40 1350.69 1348.43 1345.71 1343.66 1341.11 1338.05 1335.66 1333.65 1331.08 1327.94 1326.35 1323.26 1320.52 1318.38 1315.67 1313.33 1310.67 1308.35 1305.43 1303.12 1301.12 1297.62 1295.66 1293.13 1290.03 1288.47 1285.42 1282.67 1280.56 1277.85 1275.46 1272.69 1270.21 1267.12 1265.47 1262.20 1260.06 1257.50 1254.27 1251.30 1248.84 1246.62 1243.74 1241.42 1238.44 1236.03 1234.01 1231.89
-207.19 150025 100.00 110.00 120.01 130.00 139.99 149.96 159.95 169.97 179.97 189.96 199.92 209.91 219.92 229.91 239.87 249.91 259.85 269.82 279.82 289.83 299.82 309.76 319.78 329.71 339.72 349.68 359.66 369.66 379.60 389.56 399.53 409.52 419.52 429.45 439.38 449.41 459.35 469.31 479.27 489.23 499.18 509.13 519.07 529.00 538.92 548.81 558.80 568.65 578.61 588.55 598.47 608.48 618.34 628.29 638.21 648.08 658.04 667.94 677.78 687.70 697.70 707.48 717.51 727.33 737.21 747.16 757.03 766.80 776.79 786.66 796.46 806.32 816.23 826.01 835.83 845.69 855.64 865.44 875.28 885.15 895.05 904.80 914.58 924.59 934.26 944.12 954.00 963.72 973.67 983.44 993.22 1003.00 1012.78 1022.75 1032.57 1042.39 1051.99 1061.78 1071.74 1081.53 1091.29 1101.04 1110.76 1120.71 1130.43 1140.14 1150.02 1159.67 1169.54 1179.38 1188.98 1198.75 1208.73 1218.45 1228.12 1237.95 1247.72 1257.48 1267.17 1276.81 1286.65 1296.43 1306.14 1315.80 1325.65 1335.43 1345.14 1354.77 1364.59 1374.33 1383.99 1393.78 1403.53 1413.20 1422.99 1432.68 1442.35 1452.14 1461.82 1471.47 1481.23 1490.88 1500.64 1510.35 1520.16 1529.85 1539.48 1549.22 1558.85 1568.64 1578.31 1587.85 1597.56 1607.37 1617.04 1626.55 1636.47 1646.00 1655.62 1665.40 1675.02 1684.75 1694.39 1704.12 1713.69 1723.42 1733.24 1742.66 1752.48 1762.16 1771.68 1781.61 1791.15 1800.77 1810.55 1820.18 1829.89 1839.50 1849.19 1858.71 1868.63 1878.10 1887.88 1897.55 1907.03 1916.59 1926.28 1936.04 1945.62 1955.35 1964.91 1974.61 1984.42 1994.19
-1356.18 150026 1572.85 1572.67 1573.24 1572.47 1572.33 1571.81 1571.92 1571.65 1571.02 1570.00 1569.57 1569.67 1569.25 1568.35 1567.92 1567.85 1567.16 1566.80 1565.81 1565.18 1564.88 1563.91 1563.28 1562.01 1562.01 1561.31 1559.85 1559.59 1558.47 1557.60 1556.83 1556.14 1555.56 1554.05 1553.57 1552.17 1551.78 1550.44 1550.13 1548.80 1547.37 1546.85 1545.20 1544.36 1543.29 1542.02 1540.47 1539.69 1538.75 1537.55 1536.10 1534.36 1533.31 1531.95 1530.23 1529.09 1527.52 1526.47 1524.92 1524.03 1522.65 1520.72 1519.24 1517.19 1515.48 1514.14 1513.11 1511.40 1509.15 1508.15 1506.44 1503.99 1502.73 1500.68 1498.96 1497.38 1495.91 1493.54 1491.24 1490.17 1488.16 1486.18 1484.22 1482.29 1480.38 1478.70 1476.06 1474.38 1472.67 1469.97 1468.39 1466.72 1464.03 1462.17 1460.20 1458.28 1456.19 1453.94 1451.53 1450.11 1447.58 1445.83 1442.95 1440.83 1438.69 1437.28 1434.69 1432.82 1429.98 1427.80 1425.35 1423.57 1421.69 1419.51 1416.97 1414.11 1412.07 1409.67 1407.78 1405.48 1403.03 1400.17 1397.84 1396.28 1393.35 1390.97 1388.17 1386.09 1383.54 1381.47 1379.16 1376.32 1373.92 1372.19 1369.00 1367.17 1363.86 1362.12 1358.89 1357.22 1354.02 1352.11 1348.67 1346.75 1344.23 1341.11 1339.48 1336.32 1333.44 1331.11 1329.10 1326.44 1323.35 1320.52 1318.21 1315.23 1312.50 1310.29 1307.38 1304.74 1302.60 1299.79 1297.22 1294.19 1292.22 1289.52 1286.38 1283.43 1280.92 1278.62 1275.62 1273.10 1270.86 1267.90 1265.37 1262.12 1259.99 1257.36 1253.95 1251.91 1249.12 1246.48 1243.28 1241.08 1238.07 1235.45 1232.04 1229.91 1226.99 1224.27 1221.95 1218.87 1216.12 1214.18
-311.42 150026 100.00 110.00 120.01 129.99 139.99 149.98 159.99 169.99 179.97 189.94 199.93 209.95 219.94 229.91 239.90 249.91 259.89 269.89 279.84 289.82 299.82 309.78 319.76 329.70 339.72 349.70 359.62 369.63 379.57 389.53 399.50 409.48 419.47 429.37 439.37 449.28 459.29 469.21 479.23 489.14 499.05 509.05 518.93 528.90 538.84 548.76 558.64 568.62 578.58 588.51 598.41 608.27 618.21 628.12 637.98 647.92 657.80 667.75 677.63 687.61 697.51 707.33 717.22 727.02 736.88 746.79 756.76 766.61 776.37 786.34 796.20 805.92 815.85 825.64 835.50 845.37 855.27 865.00 874.74 884.72 894.52 904.32 914.13 923.94 933.75 943.61 953.29 963.15 973.00 982.66 992.54 1002.41 1012.07 1021.89 1031.70 1041.51 1051.29 1061.04 1070.75 1080.67 1090.35 1100.21 1109.82 1119.59 1129.36 1139.29 1148.96 1158.79 1168.40 1178.16 1187.86 1197.71 1207.54 1217.30 1226.97 1236.57 1246.37 1256.07 1265.90 1275.64 1285.33 1294.93 1304.65 1314.56 1324.14 1333.86 1343.47 1353.25 1362.92 1372.71 1382.44 1392.04 1401.75 1411.63 1421.13 1430.99 1440.46 1450.34 1459.83 1469.73 1479.23 1489.07 1498.51 1508.34 1518.02 1527.54 1537.45 1546.96 1556.54 1566.27 1576.08 1585.72 1595.24 1604.84 1614.57 1624.12 1633.75 1643.51 1653.08 1662.72 1672.51 1682.11 1691.77 1701.31 1711.14 1720.77 1730.27 1739.83 1749.51 1759.25 1768.80 1778.48 1788.23 1797.79 1807.46 1816.94 1826.73 1836.38 1845.81 1855.62 1865.22 1874.87 1884.35 1894.13 1903.67 1913.32 1922.74 1932.53 1942.10 1951.72 1961.46 1970.98 1980.60 1990.42
-1324.27 150028 1573.09 1573.18 1573.08 1572.70 1572.95 1571.80 1572.28 1571.36 1571.02 1570.21 1569.97 1570.24 1569.00 1569.23 1567.91 1567.91 1567.22 1566.83 1565.74 1564.99 1564.54 1563.39 1562.50 1561.87 1561.49 1560.33 1560.36 1559.51 1557.73 1557.11 1556.54 1555.04 1554.59 1553.18 1552.76 1551.34 1550.85 1549.28 1548.61 1547.83 1545.92 1544.81 1543.51 1542.95 1541.10 1540.04 1538.59 1537.76 1536.54 1534.96 1532.97 1531.58 1530.75 1529.51 1527.83 1526.62 1525.00 1523.79 1521.96 1520.46 1518.33 1516.51 1515.00 1513.93 1512.08 1510.39 1507.93 1506.56 1504.32 1503.33 1501.46 1498.74 1497.05 1495.42 1493.85 1491.29 1489.87 1487.45 1485.90 1483.29 1481.73 1479.07 1477.23 1475.29 1473.18 1471.13 1468.93 1466.57 1464.96 1462.40 1460.54 1458.42 1456.07 1453.66 1451.87 1448.82 1447.30 1444.73 1442.75 1440.37 1437.60 1435.63 1433.28 1430.51 1428.51 1426.09 1423.24 1420.89 1419.26 1416.21 1413.62 1411.72 1409.29 1406.33 1404.00 1402.06 1399.55 1396.47 1393.95 1391.73 1388.88 1386.60 1383.68 1381.31 1378.29 1375.57 1373.41 1370.59 1368.00 1365.89 1363.10 1360.55 1357.55 1354.78 1352.19 1350.03 1347.14 1344.39 1341.13 1338.90 1336.12 1333.46 1330.01 1327.87 1324.91 1322.32 1319.81 1316.49 1313.51 1310.60 1308.02 1305.47 1302.02 1299.79 1296.65 1293.78 1290.92 1288.29 1285.67 1282.16 1279.80 1276.54 1273.56 1270.55 1267.77 1264.95 1262.09 1259.51 1255.98 1253.62 1250.36 1248.31 1245.33 1242.33 1239.54 1235.79 1233.16 1230.41 1227.60 1224.11 1221.47 1218.99 1215.45 1212.95 1209.43 1206.97 1203.45 1201.00 1197.55 1194.00 1191.52 1188.82 1185.34 1182.27
-439.66 150028 100.00 110.00 120.00 129.99 140.01 149.97 160.00 169.97 179.96 189.94 199.94 209.96 219.91 229.94 239.88 249.90 259.87 269.87 279.82 289.79 299.78 309.73 319.69 329.67 339.67 349.61 359.65 369.61 379.49 389.48 399.47 409.37 419.37 429.28 439.29 449.20 459.20 469.09 479.08 489.05 498.90 508.84 518.75 528.76 538.60 548.55 558.44 568.43 578.35 588.23 598.05 607.95 617.93 627.86 637.72 647.65 657.52 667.45 677.28 687.17 696.95 706.79 716.67 726.64 736.46 746.32 756.04 765.95 775.71 785.70 795.52 805.18 815.04 824.91 834.79 844.48 854.40 864.11 874.00 883.67 893.56 903.22 913.05 922.86 932.64 942.42 952.18 961.90 971.78 981.46 991.29 1001.06 1010.78 1020.49 1030.34 1039.90 1049.81 1059.48 1069.29 1079.00 1088.62 1098.43 1108.15 1117.77 1127.58 1137.28 1146.88 1156.59 1166.49 1176.04 1185.70 1195.53 1205.24 1214.80 1224.53 1234.35 1244.03 1253.57 1263.24 1273.00 1282.59 1292.33 1301.90 1311.62 1321.16 1330.79 1340.56 1350.16 1359.81 1369.61 1379.21 1388.88 1398.43 1408.04 1417.69 1427.47 1437.05 1446.66 1456.13 1465.89 1475.50 1485.14 1494.56 1504.34 1513.90 1523.56 1533.24 1542.69 1552.24 1561.81 1571.47 1581.14 1590.55 1600.32 1609.82 1619.40 1628.98 1638.63 1648.29 1657.68 1667.41 1676.87 1686.42 1695.95 1705.56 1715.16 1724.74 1734.40 1743.78 1753.52 1762.98 1772.80 1782.35 1791.89 1801.49 1810.80 1820.46 1830.07 1839.67 1849.06 1858.71 1868.41 1877.78 1887.48 1896.85 1906.56 1915.94 1925.65 1935.05 1944.42 1954.12 1963.76 1973.15 1982.66
-1303.50 150029 1573.45 1573.93 1573.25 1573.29 1572.96 1572.20 1572.04 1571.45 1571.39 1570.83 1570.76 1570.18 1569.06 1569.37 1568.12 1568.18 1567.55 1566.21 1566.14 1565.39 1563.90 1563.63 1562.58 1561.72 1561.04 1560.50 1559.19 1558.96 1557.78 1556.65 1555.55 1554.47 1554.36 1553.22 1552.01 1550.71 1549.31 1548.76 1547.09 1546.20 1545.08 1543.69 1542.99 1540.99 1539.76 1539.11 1537.08 1535.61 1534.68 1533.30 1531.43 1530.03 1529.14 1526.73 1525.85 1524.39 1522.28 1520.47 1518.98 1517.71 1515.69 1514.06 1512.63 1510.35 1509.18 1507.12 1505.11 1503.33 1501.58 1498.87 1497.12 1495.37 1493.80 1491.22 1489.49 1487.63 1484.65 1483.58 1481.36 1478.90 1476.22 1474.48 1472.53 1470.32 1467.86 1465.33 1463.47 1461.29 1458.76 1457.06 1454.10 1451.72 1449.89 1447.85 1445.38 1442.46 1440.22 1437.45 1435.09 1432.48 1430.29 1427.60 1425.36 1422.84 1420.71 1418.05 1416.01 1413.40 1410.20 1407.53 1405.17 1402.20 1399.74 1397.50 1394.58 1392.15 1389.95 1387.03 1384.55 1381.32 1378.54 1375.95 1373.50 1370.55 1367.71 1365.00 1362.68 1359.54 1356.77 1354.06 1351.42 1348.19 1345.96 1343.14 1340.36 1337.63 1334.24 1331.79 1328.71 1325.59 1322.71 1319.80 1316.82 1314.08 1311.31 1308.72 1305.16 1302.73 1299.30 1296.97 1293.65 1290.22 1287.88 1284.56 1281.43 1279.11 1276.06 1272.89 1269.60 1266.47 1264.38 1261.23 1257.89 1254.65 1251.19 1248.72 1245.15 1242.54 1239.75 1236.17 1233.33 1230.62 1226.82 1224.02 1221.01 1218.05 1214.84 1211.64 1209.11 1205.44 1202.71 1199.10 1196.10 1193.11 1189.82 1186.57 1183.95 1180.46 1177.60 1174.80 1170.84 1167.87 1165.01 1162.50
-506.67 150029 100.00 110.00 119.99 130.00 139.99 149.97 159.97 169.96 179.97 189.95 199.96 209.94 219.90 229.93 239.87 249.90 259.88 269.81 279.83 289.80 299.71 309.72 319.67 329.64 339.61 349.60 359.53 369.55 379.48 389.42 399.36 409.30 419.34 429.27 439.20 449.12 459.03 469.03 478.90 488.87 498.80 508.71 518.70 528.52 538.45 548.45 558.27 568.16 578.13 588.03 597.86 607.77 617.74 627.49 637.47 647.37 657.16 666.99 676.88 686.81 696.61 706.48 716.38 726.13 736.08 745.87 755.67 765.51 775.36 785.01 794.86 804.71 814.59 824.27 834.13 843.96 853.54 863.55 873.30 882.99 892.64 902.50 912.31 922.06 931.76 941.44 951.27 961.03 970.71 980.58 990.16 999.87 1009.72 1019.51 1029.20 1038.78 1048.53 1058.14 1067.86 1077.51 1087.28 1096.91 1106.66 1116.34 1126.11 1135.76 1145.56 1155.21 1164.71 1174.35 1184.07 1193.62 1203.32 1213.07 1222.64 1232.34 1242.11 1251.68 1261.37 1270.85 1280.45 1290.11 1299.81 1309.37 1318.96 1328.59 1338.32 1347.83 1357.43 1367.06 1376.70 1386.18 1395.95 1405.54 1415.15 1424.77 1434.19 1443.90 1453.41 1462.92 1472.49 1482.06 1491.61 1501.23 1510.84 1520.50 1529.87 1539.58 1548.99 1558.74 1568.18 1577.58 1587.33 1596.77 1606.27 1616.02 1625.54 1635.03 1644.48 1653.98 1663.80 1673.29 1682.72 1692.19 1701.58 1711.29 1720.65 1730.31 1739.92 1749.27 1758.86 1768.49 1777.78 1787.38 1796.92 1806.47 1815.94 1825.42 1835.11 1844.43 1854.06 1863.40 1872.94 1882.49 1891.93 1901.39 1911.05 1920.43 1930.02 1939.62 1948.85 1958.40 1967.98 1977.67
-1282.33 150030 1573.46 1573.89 1573.08 1572.97 1572.45 1572.49 1572.14 1571.38 1571.18 1570.51 1570.31 1569.53 1569.16 1568.20 1567.58 1567.26 1566.24 1566.44 1564.91 1564.64 1563.58 1562.72 1562.04 1561.53 1560.13 1559.93 1558.82 1557.75 1556.70 1555.65 1554.55 1554.41 1553.22 1551.96 1550.59 1550.06 1548.34 1547.40 1546.22 1544.79 1544.04 1541.91 1540.51 1539.71 1538.51 1536.85 1535.69 1534.07 1531.99 1531.35 1529.17 1527.56 1526.38 1524.61 1523.17 1522.01 1520.12 1518.48 1516.04 1514.91 1512.93 1511.10 1509.37 1507.75 1505.23 1503.89 1501.59 1499.22 1497.77 1495.25 1493.75 1491.15 1489.36 1487.39 1485.40 1483.15 1480.65 1478.80 1475.74 1474.46 1471.89 1468.98 1466.89 1464.40 1462.46 1460.12 1457.58 1455.56 1453.11 1450.44 1448.27 1445.63 1443.66 1441.19 1438.22 1435.66 1433.69 1431.13 1427.96 1426.27 1423.04 1421.03 1418.60 1415.51 1412.68 1410.33 1407.32 1404.82 1402.53 1399.50 1396.92 1394.45 1391.20 1389.21 1386.38 1382.73 1380.36 1378.04 1375.13 1372.28 1369.47 1366.08 1363.63 1360.55 1357.51 1354.76 1352.02 1349.26 1346.68 1343.13 1340.72 1337.31 1334.96 1331.63 1328.46 1326.09 1322.71 1319.46 1316.99 1313.73 1310.29 1307.84 1304.29 1301.74 1298.08 1295.41 1292.54 1289.77 1285.86 1282.92 1279.74 1276.60 1274.09 1270.39 1267.58 1264.76 1260.75 1257.64 1255.13 1251.71 1248.89 1245.15 1242.00 1238.82 1235.28 1232.60 1229.58 1226.52 1223.11 1219.67 1216.79 1213.00 1210.08 1206.77 1203.43 1200.61 1197.68 1194.33 1190.89 1187.06 1184.02 1180.55 1177.81 1174.63 1171.35 1167.66 1164.72 1161.62 1158.10 1154.49 1151.34 1148.09 1144.41 1141.33
-564.01 150030 100.00 110.01 119.99 129.99 139.98 149.99 159.98 169.96 179.96 189.94 199.94 209.91 219.91 229.87 239.85 249.85 259.80 269.84 279.76 289.77 299.71 309.68 319.65 329.65 339.56 349.58 359.52 369.47 379.41 389.36 399.30 409.34 419.27 429.19 439.10 449.10 458.97 468.93 478.86 488.76 498.74 508.55 518.45 528.43 538.36 548.23 558.16 568.03 577.83 587.85 597.63 607.50 617.44 627.29 637.18 647.13 656.95 666.81 676.54 686.49 696.30 706.13 715.98 725.85 735.55 745.48 755.21 764.94 774.85 784.54 794.44 804.11 813.96 823.76 833.56 843.31 852.99 862.83 872.38 882.35 892.02 901.61 911.39 921.08 930.90 940.62 950.30 960.10 969.79 979.43 989.20 998.85 1008.66 1018.35 1027.92 1037.58 1047.40 1057.07 1066.57 1076.47 1085.96 1095.78 1105.48 1115.00 1124.59 1134.32 1143.86 1153.55 1163.29 1172.82 1182.49 1192.18 1201.65 1211.49 1221.08 1230.43 1240.16 1249.90 1259.46 1269.05 1278.65 1288.07 1297.78 1307.29 1316.82 1326.44 1336.06 1345.67 1355.34 1364.71 1374.43 1383.84 1393.58 1403.02 1412.51 1422.24 1431.66 1441.12 1450.83 1460.29 1469.69 1479.40 1488.76 1498.45 1507.77 1517.42 1527.00 1536.61 1545.86 1555.42 1564.90 1574.39 1584.10 1593.41 1603.01 1612.61 1621.82 1631.32 1641.02 1650.43 1660.03 1669.32 1678.81 1688.29 1697.65 1707.30 1716.84 1726.36 1735.76 1745.15 1754.74 1764.01 1773.58 1783.02 1792.44 1802.05 1811.62 1821.04 1830.43 1839.69 1849.21 1858.60 1868.23 1877.71 1887.16 1896.46 1906.03 1915.54 1924.90 1934.23 1943.73 1953.18 1962.49 1972.01
-1237.44 150031 1573.28 1573.51 1573.48 1573.13 1572.36 1572.12 1571.45 1571.30 1570.66 1570.48 1569.72 1569.31 1568.28 1567.63 1567.28 1566.20 1566.32 1565.62 1564.11 1563.78 1562.60 1561.53 1560.67 1559.89 1559.15 1558.46 1557.80 1556.12 1555.39 1554.55 1553.58 1552.44 1551.14 1549.65 1548.92 1546.94 1545.64 1545.06 1543.17 1542.04 1540.52 1539.54 1538.08 1536.12 1534.57 1533.37 1531.54 1530.07 1529.06 1527.36 1524.98 1523.84 1522.00 1520.38 1517.92 1516.76 1514.74 1512.77 1510.81 1508.82 1506.97 1505.07 1503.13 1501.05 1498.80 1496.52 1494.95 1492.15 1490.01 1487.76 1486.12 1483.22 1480.89 1478.40 1476.44 1474.03 1471.35 1469.09 1466.31 1464.18 1461.48 1459.12 1456.15 1453.75 1451.67 1448.96 1446.77 1443.91 1441.30 1438.24 1435.34 1432.86 1430.52 1427.40 1424.66 1422.02 1419.45 1416.29 1414.10 1411.32 1408.57 1404.93 1402.51 1399.17 1396.97 1393.83 1390.93 1387.97 1384.95 1382.11 1379.15 1376.35 1373.42 1370.62 1366.74 1363.85 1360.73 1357.67 1354.34 1351.91 1348.29 1345.55 1342.52 1339.48 1336.13 1332.76 1329.07 1326.24 1323.06 1319.79 1317.01 1313.25 1310.28 1306.91 1303.39 1300.31 1297.09 1293.43 1290.51 1287.12 1283.55 1280.69 1277.31 1273.73 1270.51 1267.10 1263.12 1259.78 1257.09 1252.96 1250.37 1246.32 1242.84 1239.97 1236.53 1232.81 1229.34 1225.57 1222.38 1218.57 1215.36 1211.81 1208.48 1204.80 1201.61 1197.73 1194.36 1190.29 1186.72 1183.67 1179.97 1176.81 1173.32 1169.09 1166.22 1162.09 1158.95 1155.38 1151.39 1147.54 1144.14 1141.18 1137.43 1133.26 1129.54 1126.28 1122.25 1118.65 1115.52 1111.66 1108.24 1103.97 1100.66 1096.44
-667.86 150031 100.00 110.00 120.00 130.00 139.98 149.97 159.95 169.96 179.94 189.94 199.92 209.91 219.86 229.84 239.84 249.79 259.83 269.80 279.71 289.72 299.66 309.60 319.56 329.53 339.51 349.49 359.47 369.35 379.33 389.30 399.25 409.19 419.10 429.00 438.98 448.81 458.73 468.73 478.57 488.51 498.40 508.36 518.25 528.07 537.95 547.88 557.72 567.61 577.58 587.43 597.17 607.12 616.95 626.82 636.54 646.49 656.29 666.09 675.90 685.70 695.53 705.35 715.16 724.94 734.68 744.42 754.31 763.93 773.70 783.45 793.33 802.92 812.65 822.33 832.15 841.85 851.49 861.23 870.85 880.62 890.25 899.97 909.53 919.24 929.03 938.66 948.43 958.01 967.67 977.20 986.77 996.46 1006.19 1015.70 1025.32 1034.96 1044.63 1054.12 1063.90 1073.51 1083.12 1092.48 1102.19 1111.63 1121.41 1130.91 1140.47 1150.03 1159.56 1169.15 1178.70 1188.30 1197.86 1207.47 1216.73 1226.30 1235.80 1245.32 1254.75 1264.49 1273.82 1283.45 1292.98 1302.51 1311.93 1321.35 1330.65 1340.26 1349.74 1359.19 1368.80 1378.09 1387.64 1397.05 1406.42 1415.94 1425.40 1434.72 1444.29 1453.70 1463.04 1472.64 1482.05 1491.39 1500.86 1510.26 1519.45 1528.88 1538.54 1547.68 1557.38 1566.55 1575.92 1585.52 1594.91 1604.20 1613.58 1622.84 1632.32 1641.58 1651.05 1660.40 1669.83 1679.13 1688.62 1697.84 1707.26 1716.41 1725.75 1735.29 1744.58 1754.08 1763.44 1772.54 1782.14 1791.27 1800.78 1810.12 1819.30 1828.53 1837.94 1847.51 1856.79 1865.89 1875.18 1884.64 1893.80 1903.13 1912.64 1921.87 1931.27 1940.34 1949.79 1958.86
-1217.35 150032 1572.63 1572.28 1572.68 1572.73 1572.36 1571.52 1571.24 1570.46 1570.14 1569.25 1568.76 1568.63 1567.83 1567.37 1566.20 1566.24 1565.49 1563.95 1563.61 1562.47 1561.46 1560.55 1559.81 1559.13 1558.50 1557.85 1556.19 1555.47 1554.65 1552.69 1551.55 1551.20 1549.62 1548.78 1547.66 1546.25 1544.46 1543.28 1541.80 1540.89 1539.49 1537.56 1536.06 1534.96 1533.27 1530.93 1530.02 1528.44 1526.17 1525.09 1523.24 1521.57 1519.09 1517.87 1515.76 1513.70 1511.66 1509.61 1507.71 1505.74 1503.66 1501.45 1500.03 1497.45 1495.79 1492.90 1490.63 1489.18 1486.41 1484.16 1481.49 1479.54 1477.13 1474.25 1472.04 1469.26 1466.86 1465.04 1462.62 1459.57 1457.05 1454.80 1451.86 1449.40 1446.21 1444.10 1441.46 1438.03 1435.88 1432.90 1430.01 1427.46 1424.06 1421.91 1418.86 1415.80 1413.01 1410.19 1407.57 1403.96 1401.43 1398.82 1395.20 1392.67 1389.08 1386.53 1383.82 1380.03 1377.21 1374.43 1371.42 1368.15 1364.89 1361.61 1358.88 1355.22 1352.12 1348.97 1345.43 1342.67 1339.51 1336.21 1332.43 1329.37 1326.14 1322.39 1319.36 1315.81 1312.94 1308.68 1306.00 1302.24 1298.82 1296.09 1291.93 1289.26 1285.13 1281.60 1278.66 1275.09 1271.22 1267.91 1264.83 1261.43 1257.69 1254.17 1250.30 1246.93 1243.73 1240.11 1236.61 1232.68 1229.20 1225.29 1221.51 1218.17 1214.42 1210.77 1207.53 1203.85 1200.24 1196.16 1193.35 1188.86 1185.59 1181.86 1178.20 1174.92 1171.18 1167.54 1163.45 1159.77 1156.48 1152.33 1148.53 1145.07 1141.91 1137.84 1134.10 1130.66 1126.37 1122.39 1118.66 1115.20 1111.66 1107.56 1103.74 1100.21 1096.61 1092.49 1088.64 1084.95 1080.80 1076.35
-712.62 150032 100.00 110.00 120.01 130.02 140.01 149.98 159.98 169.95 179.95 189.92 199.91 209.92 219.89 229.88 239.82 249.85 259.82 269.73 279.74 289.68 299.63 309.59 319.56 329.54 339.53 349.51 359.39 369.37 379.34 389.18 399.12 409.15 419.03 429.00 438.94 448.84 458.69 468.62 478.51 488.49 498.39 508.21 518.10 528.04 537.90 547.65 557.64 567.51 577.27 587.23 597.06 606.92 616.63 626.58 636.35 646.14 655.93 665.72 675.54 685.34 695.12 704.88 714.80 724.47 734.35 743.94 753.68 763.62 773.23 782.98 792.62 802.44 812.14 821.73 831.49 841.10 850.81 860.67 870.37 879.91 889.58 899.34 908.90 918.59 928.09 937.88 947.53 956.95 966.73 976.28 985.85 995.53 1004.95 1014.74 1024.27 1033.79 1043.39 1052.99 1062.65 1072.00 1081.68 1091.34 1100.69 1110.37 1119.73 1129.41 1139.04 1148.33 1157.93 1167.54 1177.08 1186.53 1195.98 1205.43 1215.06 1224.38 1233.89 1243.38 1252.74 1262.36 1271.85 1281.29 1290.56 1300.09 1309.55 1318.83 1328.37 1337.72 1347.31 1356.41 1366.07 1375.34 1384.74 1394.39 1403.52 1413.19 1422.32 1431.68 1441.25 1450.60 1459.83 1469.26 1478.79 1488.19 1497.47 1506.83 1516.06 1525.48 1534.96 1544.28 1553.65 1562.85 1572.23 1581.43 1590.69 1600.13 1609.40 1618.71 1628.18 1637.48 1646.80 1655.94 1665.58 1674.56 1684.02 1693.30 1702.61 1712.06 1721.34 1730.65 1739.79 1749.09 1758.54 1767.65 1776.90 1786.29 1795.80 1804.94 1814.21 1823.61 1832.66 1841.84 1851.12 1860.51 1869.86 1878.99 1888.23 1897.59 1906.92 1916.04 1925.27 1934.57 1943.67 1952.62
-1169.71 150033 1573.35 1573.66 1573.70 1573.40 1572.65 1572.40 1571.70 1571.47 1570.70 1570.32 1569.32 1568.63 1568.22 1568.08 1567.16 1566.38 1565.73 1564.19 1563.74 1562.40 1562.17 1560.88 1559.67 1558.45 1558.18 1556.82 1555.31 1554.57 1553.61 1552.37 1550.85 1549.95 1547.72 1547.07 1545.06 1543.74 1542.93 1541.64 1539.79 1538.35 1536.28 1534.50 1532.99 1531.85 1529.88 1528.02 1526.31 1524.69 1522.21 1520.97 1518.84 1516.72 1514.60 1512.42 1511.30 1509.04 1506.54 1504.72 1502.65 1500.53 1498.09 1495.25 1493.17 1490.72 1488.75 1486.27 1483.47 1481.01 1478.88 1476.39 1473.23 1470.31 1467.86 1465.60 1462.57 1459.95 1457.44 1454.34 1452.21 1449.19 1446.44 1442.74 1440.16 1437.50 1433.85 1431.29 1428.58 1425.09 1422.32 1419.67 1415.92 1413.11 1410.07 1407.06 1403.78 1400.50 1397.77 1394.08 1390.92 1387.69 1385.25 1381.52 1378.58 1375.23 1371.72 1368.65 1365.41 1361.68 1358.65 1355.07 1351.28 1348.13 1344.39 1341.21 1337.68 1334.37 1330.68 1327.49 1323.57 1320.12 1316.82 1313.12 1309.87 1305.87 1302.30 1298.31 1294.70 1291.13 1287.92 1283.88 1280.19 1276.81 1272.86 1268.84 1265.12 1261.66 1257.59 1253.44 1249.54 1245.91 1242.54 1238.18 1234.88 1230.93 1227.17 1223.20 1219.36 1215.68 1211.31 1207.94 1203.50 1199.15 1195.74 1191.57 1187.53 1184.37 1180.12 1175.97 1171.91 1167.94 1164.02 1160.15 1155.95 1151.78 1147.60 1144.26 1140.09 1135.95 1131.46 1127.82 1123.39 1119.80 1115.38 1111.83 1107.06 1103.44 1099.41 1095.33 1091.22 1087.11 1082.98 1078.75 1074.46 1070.94 1066.15 1062.14 1058.06 1053.89 1049.70 1045.48 1042.02 1037.63 1034.13 1029.71
-800.80 150033 100.00 110.00 120.01 130.00 139.98 149.98 159.96 169.96 179.93 189.93 199.88 209.86 219.85 229.87 239.83 249.80 259.78 269.68 279.68 289.60 299.62 309.54 319.47 329.40 339.43 349.34 359.23 369.21 379.17 389.09 398.98 408.95 418.74 428.74 438.56 448.47 458.46 468.37 478.21 488.10 497.90 507.74 517.63 527.58 537.39 547.21 557.06 566.94 576.64 586.59 596.36 606.14 615.91 625.67 635.65 645.39 655.08 664.92 674.71 684.48 694.18 703.78 713.57 723.27 733.08 742.77 752.37 762.06 771.85 781.53 791.04 800.60 810.30 820.05 829.59 839.24 848.92 858.44 868.23 877.77 887.38 896.71 906.38 916.02 925.36 935.04 944.67 954.05 963.66 973.32 982.61 992.22 1001.74 1011.28 1020.73 1030.17 1039.80 1049.12 1058.60 1068.07 1077.80 1087.10 1096.66 1106.08 1115.45 1124.97 1134.43 1143.72 1153.25 1162.59 1171.86 1181.35 1190.63 1200.12 1209.47 1218.91 1228.21 1237.69 1246.90 1256.29 1265.73 1275.02 1284.49 1293.66 1303.00 1312.18 1321.51 1330.85 1340.33 1349.49 1358.78 1368.20 1377.39 1386.55 1395.83 1405.22 1414.36 1423.47 1432.68 1442.00 1451.42 1460.44 1469.90 1479.09 1488.35 1497.53 1506.77 1516.07 1525.08 1534.51 1543.49 1552.50 1561.92 1571.01 1580.16 1589.69 1598.75 1607.85 1616.99 1626.17 1635.37 1644.59 1653.66 1662.75 1671.84 1681.30 1690.39 1699.49 1708.44 1717.77 1726.74 1736.09 1745.07 1754.43 1763.25 1772.59 1781.74 1790.87 1799.99 1809.10 1818.21 1827.28 1836.31 1845.69 1854.50 1863.66 1872.79 1881.88 1890.96 1900.03 1909.44 1918.43 1927.81 1936.80
-1141.67 150034 1573.29 1573.55 1573.53 1573.17 1572.35 1572.03 1571.22 1570.83 1570.84 1570.20 1568.89 1568.83 1568.02 1567.42 1566.00 1565.69 1564.48 1563.36 1563.28 1562.24 1561.17 1560.18 1559.14 1558.02 1556.80 1555.41 1554.80 1552.94 1551.81 1551.30 1549.40 1548.05 1546.27 1545.18 1543.59 1542.45 1540.78 1539.54 1537.67 1536.08 1534.74 1532.66 1530.94 1529.36 1527.86 1525.45 1524.03 1521.66 1519.46 1518.20 1515.89 1513.51 1512.17 1509.69 1507.01 1505.00 1502.83 1501.23 1498.33 1495.93 1493.35 1491.24 1488.65 1486.70 1484.17 1481.04 1479.34 1475.99 1473.76 1470.74 1468.09 1465.58 1462.49 1459.45 1456.68 1453.86 1450.96 1448.24 1445.39 1442.69 1438.93 1436.21 1433.32 1430.53 1427.53 1424.27 1421.04 1417.82 1414.27 1411.54 1408.44 1405.26 1401.68 1398.88 1394.71 1392.13 1388.16 1384.86 1382.24 1378.19 1374.77 1371.64 1368.24 1364.57 1361.15 1357.40 1354.16 1350.19 1346.73 1343.74 1340.04 1336.76 1332.67 1328.98 1325.64 1321.46 1317.57 1313.98 1310.69 1306.51 1302.64 1299.06 1295.76 1291.49 1287.47 1283.69 1280.14 1276.78 1272.40 1269.02 1264.97 1261.09 1256.98 1252.98 1249.08 1245.28 1241.55 1236.70 1233.09 1229.13 1225.22 1221.29 1217.36 1213.08 1208.80 1204.49 1200.96 1196.56 1192.95 1188.46 1184.73 1179.69 1176.59 1172.18 1167.70 1163.92 1159.23 1155.25 1151.13 1146.89 1142.53 1138.86 1133.84 1129.81 1125.60 1122.04 1117.15 1112.93 1108.56 1104.84 1100.16 1096.16 1091.97 1087.59 1083.79 1079.79 1075.56 1071.10 1066.40 1062.28 1057.94 1053.35 1049.29 1044.96 1040.38 1036.36 1032.08 1027.12 1023.12 1018.88 1015.20 1010.14 1006.13 1001.67
-847.63 150034 100.00 110.00 120.01 130.00 139.97 149.97 159.94 169.93 179.95 189.93 199.86 209.89 219.85 229.84 239.75 249.76 259.70 269.63 279.67 289.62 299.56 309.51 319.46 329.39 339.32 349.23 359.22 369.07 379.01 389.03 398.86 408.77 418.62 428.56 438.44 448.38 458.24 468.17 477.99 487.87 497.78 507.57 517.42 527.30 537.19 546.91 556.82 566.55 576.31 586.25 595.99 605.71 615.64 625.34 634.99 644.79 654.55 664.45 674.03 683.74 693.40 703.19 712.85 722.67 732.34 741.86 751.75 761.21 770.97 780.50 790.15 799.83 809.35 818.88 828.48 838.08 847.65 857.28 866.86 876.50 885.80 895.42 905.00 914.61 924.14 933.60 943.06 952.53 961.89 971.52 981.03 990.51 999.86 1009.47 1018.60 1028.29 1037.50 1046.94 1056.62 1065.79 1075.19 1084.69 1094.10 1103.40 1112.80 1122.07 1131.54 1140.73 1150.11 1159.68 1168.96 1178.42 1187.56 1196.85 1206.28 1215.38 1224.60 1233.93 1243.39 1252.48 1261.71 1271.05 1280.50 1289.56 1298.72 1307.97 1317.33 1326.76 1335.77 1345.19 1354.34 1363.56 1372.67 1381.84 1391.05 1400.30 1409.58 1418.38 1427.71 1436.90 1446.10 1455.30 1464.49 1473.53 1482.58 1491.60 1500.98 1509.97 1519.31 1528.25 1537.54 1546.23 1555.81 1564.79 1573.73 1583.01 1591.86 1601.03 1610.14 1619.20 1628.20 1637.52 1646.21 1655.37 1664.44 1673.81 1682.57 1691.63 1700.63 1709.93 1718.78 1727.95 1737.03 1746.02 1755.29 1764.46 1773.52 1782.47 1791.31 1800.42 1809.43 1818.32 1827.46 1836.48 1845.37 1854.53 1863.57 1872.28 1881.45 1890.51 1899.84 1908.50 1917.67 1926.63
-1104.96 150035 1573.25 1573.45 1573.36 1572.90 1572.95 1572.45 1571.43 1570.83 1570.62 1569.71 1569.12 1568.79 1567.68 1566.77 1566.00 1565.32 1564.74 1563.23 1562.70 1561.16 1560.63 1558.99 1558.26 1557.37 1556.29 1554.98 1553.40 1552.53 1551.34 1549.74 1548.62 1546.99 1545.98 1544.43 1542.30 1540.52 1539.03 1537.84 1535.93 1534.21 1532.80 1530.49 1528.23 1526.92 1524.61 1522.44 1521.12 1518.72 1516.16 1514.38 1512.64 1510.69 1508.47 1505.96 1503.30 1501.16 1498.59 1496.69 1494.23 1491.18 1488.48 1486.30 1483.46 1481.08 1478.84 1475.80 1473.08 1470.40 1466.79 1464.35 1461.86 1458.66 1455.37 1453.13 1449.76 1446.49 1443.88 1440.07 1437.16 1434.21 1430.91 1427.54 1424.65 1421.64 1418.21 1414.63 1411.46 1408.10 1404.21 1400.94 1398.28 1394.12 1390.50 1387.42 1383.66 1380.40 1376.44 1372.93 1369.82 1365.93 1362.45 1358.51 1354.93 1351.36 1347.24 1344.32 1339.67 1336.17 1332.95 1329.10 1325.13 1321.37 1317.80 1313.56 1309.42 1305.83 1301.50 1298.09 1293.90 1289.76 1285.28 1282.05 1277.67 1273.30 1269.75 1265.36 1261.77 1256.95 1253.25 1249.06 1244.78 1240.42 1236.75 1232.92 1228.16 1224.05 1219.78 1216.15 1211.12 1207.07 1202.43 1198.77 1194.48 1189.92 1185.10 1181.20 1176.64 1172.98 1167.80 1164.31 1159.29 1154.74 1151.03 1145.74 1142.12 1136.96 1133.45 1128.39 1124.18 1119.60 1115.45 1110.92 1106.77 1102.17 1097.11 1092.40 1088.05 1084.05 1079.62 1074.78 1070.31 1065.46 1061.40 1056.90 1052.75 1047.76 1043.48 1038.68 1034.16 1029.92 1025.19 1019.92 1016.08 1011.29 1006.40 1001.78 997.43 992.54 987.93 983.63 978.87 974.86 970.05 965.96
-905.68 150035 100.00 110.00 120.00 129.99 140.00 149.99 159.95 169.93 179.94 189.90 199.88 209.89 219.83 229.79 239.76 249.74 259.73 269.63 279.62 289.52 299.52 309.40 319.38 329.34 339.28 349.20 359.08 369.05 378.98 388.85 398.79 408.66 418.62 428.50 438.29 448.13 458.02 467.96 477.78 487.63 497.54 507.28 517.03 526.96 536.70 546.46 556.40 566.12 575.79 585.64 595.50 605.31 615.06 624.74 634.39 644.16 653.83 663.66 673.35 682.89 692.52 702.29 711.88 721.60 731.35 740.88 750.51 760.14 769.50 779.21 788.90 798.38 807.83 817.61 827.03 836.49 846.15 855.43 865.00 874.56 884.00 893.41 902.99 912.53 921.93 931.27 940.76 950.17 959.40 968.86 978.53 987.65 996.98 1006.50 1015.77 1025.23 1034.42 1043.79 1053.30 1062.52 1071.90 1081.09 1090.43 1099.77 1108.90 1118.50 1127.41 1136.78 1146.26 1155.49 1164.67 1173.94 1183.29 1192.35 1201.45 1210.80 1219.82 1229.24 1238.32 1247.43 1256.38 1265.88 1274.88 1283.88 1293.25 1302.24 1311.59 1320.39 1329.69 1338.77 1347.81 1356.81 1366.13 1375.38 1384.19 1393.31 1402.35 1411.70 1420.38 1429.52 1438.39 1447.73 1456.76 1465.66 1474.44 1483.66 1492.56 1501.90 1510.50 1519.93 1528.61 1537.51 1546.83 1555.37 1564.74 1573.34 1582.76 1591.42 1600.49 1609.38 1618.49 1627.40 1636.51 1645.39 1654.03 1662.85 1671.86 1681.05 1690.01 1698.77 1707.72 1716.47 1725.62 1734.55 1743.66 1752.34 1761.38 1770.16 1779.08 1788.15 1796.96 1805.49 1814.76 1823.55 1832.27 1841.14 1850.15 1858.88 1867.75 1876.79 1885.58 1894.77 1903.54 1912.68
-1056.60 150037 1572.49 1572.97 1572.18 1571.94 1572.16 1570.83 1570.96 1570.52 1569.47 1568.72 1568.21 1567.91 1566.76 1565.73 1564.80 1563.86 1562.93 1561.94 1560.97 1559.93 1558.77 1557.41 1556.83 1555.05 1553.93 1552.49 1551.65 1550.35 1548.57 1547.26 1545.35 1543.93 1542.86 1541.15 1539.67 1537.43 1535.39 1533.67 1532.08 1530.57 1528.08 1526.50 1524.83 1522.24 1520.42 1518.37 1516.08 1513.74 1512.05 1509.05 1506.64 1505.01 1501.99 1499.40 1497.44 1494.90 1492.61 1489.61 1487.02 1484.58 1481.61 1478.72 1475.87 1473.28 1470.67 1467.31 1464.72 1461.28 1458.48 1455.67 1452.56 1449.13 1445.65 1442.95 1438.91 1435.61 1432.71 1429.57 1425.83 1422.64 1419.10 1414.91 1412.11 1408.90 1404.98 1401.54 1397.66 1393.88 1390.48 1386.57 1382.69 1379.13 1375.86 1371.67 1367.74 1364.05 1360.54 1356.36 1353.16 1348.91 1344.75 1340.67 1336.65 1332.73 1328.50 1325.11 1320.88 1316.62 1313.16 1308.43 1304.80 1299.83 1295.96 1291.55 1287.79 1283.85 1278.90 1274.54 1270.72 1266.59 1262.16 1257.43 1253.18 1248.58 1244.43 1239.91 1235.87 1231.48 1226.68 1222.26 1217.42 1213.36 1208.47 1204.34 1199.71 1195.40 1190.64 1186.16 1181.18 1176.47 1172.01 1168.19 1162.62 1158.42 1153.64 1149.06 1144.63 1139.56 1135.05 1130.68 1125.66 1120.75 1115.91 1111.60 1106.21 1102.12 1097.33 1092.63 1087.24 1083.12 1078.28 1073.49 1067.96 1063.59 1058.45 1054.02 1048.84 1044.06 1039.27 1034.49 1028.97 1024.64 1019.54 1014.42 1010.45 1004.93 1000.09 995.15 990.57 985.17 980.44 976.01 970.70 965.27 960.93 955.76 950.50 946.31 940.87 935.80 930.65 925.83 920.78 915.60
-973.45 150037 100.00 110.01 119.99 129.98 140.01 149.95 159.97 169.96 179.92 189.89 199.88 209.89 219.83 229.77 239.73 249.69 259.64 269.59 279.55 289.49 299.42 309.33 319.34 329.19 339.13 349.03 359.01 368.92 378.77 388.68 398.50 408.40 418.36 428.21 438.11 447.87 457.66 467.51 477.39 487.28 496.98 506.86 516.73 526.40 536.24 546.03 555.76 565.49 575.36 584.93 594.63 604.53 614.08 623.74 633.56 643.23 652.97 662.52 672.18 681.88 691.43 701.00 710.59 720.25 729.91 739.34 749.01 758.41 768.01 777.62 787.12 796.51 805.89 815.54 824.72 834.17 843.74 853.24 862.52 872.00 881.36 890.47 900.10 909.58 918.79 928.18 937.40 946.66 956.06 965.27 974.49 983.84 993.30 1002.39 1011.59 1020.88 1030.26 1039.35 1048.85 1057.91 1067.00 1076.14 1085.29 1094.49 1103.56 1112.99 1122.05 1131.10 1140.51 1149.35 1158.68 1167.41 1176.63 1185.61 1194.89 1204.09 1212.81 1221.81 1231.07 1240.18 1249.15 1257.96 1267.02 1275.90 1285.00 1293.92 1303.08 1312.06 1320.84 1329.82 1338.58 1347.73 1356.46 1365.58 1374.44 1383.47 1392.27 1401.21 1409.89 1418.72 1427.67 1436.95 1445.32 1454.41 1463.20 1472.08 1481.05 1489.68 1498.61 1507.61 1516.27 1524.98 1533.74 1542.77 1551.23 1560.38 1569.16 1577.99 1586.44 1595.58 1604.34 1613.12 1621.49 1630.50 1639.08 1648.06 1656.62 1665.40 1674.18 1682.97 1691.34 1700.37 1708.98 1717.57 1726.81 1735.18 1743.93 1752.62 1761.52 1769.96 1778.77 1787.76 1796.24 1804.65 1813.69 1822.26 1830.77 1839.89 1848.30 1856.92 1865.50 1874.26 1882.89 1891.45
-986.94 150038 1573.13 1573.23 1573.01 1572.40 1572.30 1571.58 1571.24 1570.22 1570.50 1569.02 1568.76 1567.65 1566.61 1565.60 1564.58 1563.46 1563.33 1561.97 1560.52 1559.85 1557.95 1556.73 1556.16 1554.22 1552.83 1551.96 1550.61 1548.71 1547.36 1545.36 1543.61 1542.04 1540.60 1538.33 1537.08 1535.10 1533.14 1531.12 1529.03 1526.80 1524.60 1523.08 1520.33 1518.13 1515.78 1513.94 1511.58 1508.73 1506.49 1503.65 1501.11 1499.11 1496.40 1492.96 1490.79 1487.71 1484.87 1481.96 1479.20 1476.27 1473.11 1470.02 1466.67 1464.19 1460.43 1457.42 1454.26 1450.58 1447.54 1443.86 1440.75 1437.28 1433.10 1430.25 1425.71 1422.42 1418.60 1415.03 1411.69 1407.40 1403.35 1400.34 1396.25 1392.29 1388.44 1384.70 1380.19 1376.50 1372.41 1368.31 1364.16 1359.92 1355.55 1351.88 1347.24 1343.25 1339.04 1334.57 1330.64 1326.43 1321.48 1317.41 1312.97 1308.99 1304.21 1299.41 1295.00 1290.90 1286.33 1281.26 1276.45 1272.27 1267.11 1263.29 1258.09 1253.79 1248.82 1243.92 1239.50 1234.35 1230.00 1224.92 1220.24 1215.55 1210.07 1205.31 1200.93 1195.73 1190.41 1186.12 1180.97 1175.67 1170.63 1165.43 1160.81 1155.72 1150.44 1145.68 1140.39 1135.59 1130.54 1125.65 1120.45 1115.39 1110.02 1104.74 1099.84 1093.87 1088.67 1084.27 1078.75 1073.53 1068.33 1062.71 1057.81 1052.46 1047.10 1041.30 1036.19 1031.06 1025.46 1020.56 1015.19 1009.79 1004.55 999.22 993.36 988.10 982.76 977.61 972.40 966.72 961.66 956.07 950.38 945.29 939.63 934.53 928.81 923.69 917.97 912.78 907.41 901.39 895.86 890.87 885.26 879.47 874.24 868.39 863.11 857.71 852.43 846.94
-1063.36 150038 100.00 110.00 120.00 129.98 139.99 149.96 159.96 169.92 179.96 189.88 199.89 209.83 219.78 229.73 239.67 249.61 259.66 269.57 279.46 289.45 299.30 309.22 319.23 329.06 338.96 348.94 358.85 368.68 378.59 388.39 398.24 408.12 418.02 427.77 437.71 447.51 457.32 467.11 476.89 486.64 496.39 506.30 515.93 525.69 535.40 545.25 554.97 564.56 574.31 583.91 593.58 603.39 613.02 622.44 632.22 641.74 651.33 660.90 670.51 680.07 689.56 699.07 708.50 718.21 727.49 737.03 746.52 755.83 765.36 774.66 784.17 793.55 802.66 812.28 821.25 830.70 839.94 849.28 858.72 867.77 876.92 886.49 895.62 904.81 914.04 923.32 932.26 941.56 950.68 959.80 968.90 977.96 986.96 996.28 1005.15 1014.32 1023.39 1032.34 1041.54 1050.62 1059.33 1068.47 1077.43 1086.62 1095.41 1104.19 1113.16 1122.30 1131.20 1139.83 1148.60 1157.70 1166.28 1175.58 1184.14 1193.18 1201.86 1210.58 1219.56 1228.14 1237.16 1245.78 1254.62 1263.45 1271.84 1280.64 1289.65 1298.20 1306.68 1315.74 1324.31 1332.80 1341.44 1349.98 1358.86 1367.47 1375.97 1384.77 1393.26 1402.04 1410.67 1419.40 1427.94 1436.56 1445.00 1453.50 1462.22 1470.29 1478.84 1487.86 1496.21 1504.74 1513.28 1521.56 1530.29 1538.74 1547.19 1555.35 1563.95 1572.54 1580.83 1589.56 1598.00 1606.41 1614.93 1623.39 1631.52 1640.02 1648.48 1657.05 1665.59 1673.83 1682.46 1690.76 1698.99 1707.61 1715.85 1724.47 1732.68 1741.27 1749.48 1758.04 1766.47 1774.48 1782.81 1791.50 1799.78 1807.95 1816.47 1824.59 1833.09 1841.51 1850.00 1858.36
-966.57 150039 1572.69 1572.36 1572.70 1572.62 1572.00 1571.74 1570.82 1570.19 1569.82 1568.69 1567.77 1566.98 1566.27 1565.58 1563.87 1563.05 1562.22 1561.25 1560.04 1558.59 1557.86 1555.82 1555.35 1553.48 1552.08 1550.16 1548.67 1547.69 1546.00 1544.57 1542.38 1540.34 1539.37 1537.53 1534.93 1533.31 1531.65 1528.92 1526.99 1525.07 1522.90 1520.37 1518.41 1516.24 1513.58 1511.35 1508.80 1506.58 1503.71 1501.37 1498.33 1495.45 1492.98 1490.58 1487.26 1485.07 1481.87 1478.76 1475.42 1473.05 1469.46 1466.74 1462.77 1460.47 1456.78 1453.73 1450.10 1446.14 1442.71 1439.42 1435.71 1432.41 1428.30 1424.52 1421.04 1417.80 1413.60 1409.55 1405.66 1401.90 1398.22 1394.26 1390.34 1386.48 1382.64 1377.57 1374.44 1370.04 1365.50 1361.65 1357.60 1353.30 1348.78 1344.83 1340.60 1336.09 1331.25 1326.85 1322.89 1318.54 1313.76 1309.36 1304.50 1300.35 1295.30 1290.93 1286.80 1282.12 1277.63 1272.54 1267.59 1263.18 1258.86 1253.82 1248.81 1243.81 1239.22 1234.58 1229.11 1224.71 1219.46 1214.85 1209.37 1204.90 1199.51 1194.69 1189.36 1184.58 1180.01 1174.46 1169.36 1164.43 1159.21 1153.67 1148.95 1143.17 1138.19 1132.83 1127.55 1123.04 1117.44 1112.16 1106.88 1101.18 1096.20 1090.76 1085.99 1079.99 1074.63 1069.91 1064.65 1058.81 1053.59 1048.27 1042.39 1037.11 1031.69 1026.39 1020.98 1015.65 1010.17 1004.52 998.93 993.85 988.10 982.12 976.63 971.63 965.97 960.83 955.03 949.72 944.20 937.98 933.35 927.33 921.72 916.05 910.82 905.32 899.10 894.00 888.59 882.42 877.06 871.63 865.89 860.07 854.63 848.91 843.60 837.56 831.86 826.57
-1089.25 150039 100.00 110.00 120.01 130.01 139.99 149.99 159.96 169.94 179.94 189.88 199.84 209.81 219.78 229.76 239.64 249.61 259.58 269.53 279.46 289.36 299.34 309.16 319.19 329.02 338.93 348.75 358.64 368.61 378.46 388.36 398.13 407.92 417.92 427.74 437.43 447.30 457.17 466.81 476.63 486.44 496.20 505.88 515.70 525.46 535.10 544.85 554.52 564.28 573.86 583.59 593.12 602.70 612.39 622.11 631.56 641.34 650.82 660.32 669.75 679.50 688.84 698.48 707.69 717.48 726.78 736.31 745.63 754.83 764.22 773.67 782.95 792.40 801.53 810.79 820.17 829.65 838.73 847.88 857.09 866.35 875.66 884.84 894.04 903.27 912.50 921.19 930.75 939.73 948.65 957.89 967.03 976.06 984.99 994.18 1003.24 1012.17 1020.94 1029.92 1039.12 1048.12 1056.91 1065.89 1074.64 1083.75 1092.40 1101.39 1110.52 1119.35 1128.29 1136.91 1145.61 1154.59 1163.62 1172.26 1180.92 1189.58 1198.47 1207.33 1215.73 1224.73 1233.25 1242.13 1250.52 1259.48 1267.92 1276.68 1285.15 1293.94 1302.85 1311.18 1319.79 1328.49 1337.02 1345.36 1354.19 1362.38 1371.05 1379.50 1387.99 1396.96 1405.25 1413.74 1422.24 1430.47 1439.15 1447.54 1456.35 1464.39 1472.83 1481.68 1490.19 1498.32 1506.85 1515.32 1523.43 1531.92 1540.33 1548.81 1557.22 1565.68 1574.05 1582.30 1590.60 1599.22 1607.40 1615.44 1623.80 1632.48 1640.73 1649.32 1657.47 1665.95 1674.29 1682.16 1691.09 1699.09 1707.37 1715.61 1724.14 1732.49 1740.36 1748.99 1757.40 1765.30 1773.74 1782.14 1790.34 1798.47 1806.87 1815.07 1823.55 1831.54 1839.75 1848.25
-935.05 150040 1573.14 1573.25 1573.00 1572.27 1571.93 1571.93 1571.30 1570.00 1569.95 1569.10 1568.41 1566.79 1566.17 1565.52 1564.78 1562.87 1561.90 1560.71 1560.26 1558.55 1557.49 1556.05 1554.19 1552.83 1551.92 1550.41 1548.26 1546.55 1545.06 1543.75 1541.60 1539.52 1537.45 1536.53 1533.67 1531.70 1529.63 1528.29 1525.93 1523.29 1521.25 1518.81 1517.08 1513.86 1511.93 1509.65 1506.73 1504.04 1501.77 1498.74 1495.85 1493.29 1490.72 1487.47 1484.11 1481.79 1478.37 1475.75 1471.87 1468.80 1466.19 1462.51 1459.21 1455.64 1452.33 1448.68 1445.51 1441.52 1437.87 1434.53 1430.25 1427.08 1423.28 1419.66 1414.96 1411.57 1407.05 1403.39 1399.73 1395.19 1391.43 1387.18 1382.82 1378.30 1374.39 1370.23 1365.80 1361.86 1357.59 1352.99 1348.04 1343.49 1339.75 1335.22 1330.24 1325.97 1321.97 1316.99 1312.60 1307.63 1302.82 1298.14 1294.01 1288.81 1284.11 1279.46 1274.06 1269.82 1264.78 1259.68 1254.90 1250.02 1245.01 1239.85 1234.95 1229.84 1224.94 1219.77 1214.32 1209.72 1204.78 1198.77 1193.56 1189.17 1183.67 1178.50 1173.36 1167.80 1162.95 1156.92 1151.54 1146.79 1141.54 1136.23 1130.40 1125.19 1119.43 1114.26 1108.95 1103.71 1098.25 1092.11 1086.47 1081.30 1075.92 1070.58 1065.01 1059.39 1053.52 1048.04 1042.96 1037.12 1031.64 1025.84 1019.94 1014.39 1008.49 1002.92 997.65 991.56 985.77 980.28 974.41 968.79 962.94 957.32 951.96 946.18 940.21 934.50 928.37 922.49 916.86 911.46 905.15 900.18 894.25 888.50 882.30 876.97 870.70 865.04 859.01 853.11 847.33 841.68 835.51 829.44 823.56 817.85 812.35 806.58 800.49 795.05
-1125.04 150040 100.00 110.00 120.00 129.97 139.97 149.99 159.97 169.90 179.92 189.89 199.87 209.76 219.75 229.73 239.71 249.56 259.51 269.44 279.46 289.33 299.27 309.17 319.00 328.91 338.89 348.77 358.56 368.41 378.30 388.22 397.99 407.78 417.56 427.58 437.20 447.00 456.79 466.73 476.45 486.10 495.90 505.59 515.47 524.97 534.80 544.54 554.11 563.74 573.49 583.02 592.60 602.27 611.94 621.40 630.83 640.58 649.99 659.65 668.90 678.41 688.10 697.40 706.84 716.18 725.62 734.93 744.43 753.60 762.91 772.35 781.40 790.91 800.16 809.48 818.35 827.78 836.72 846.03 855.35 864.28 873.55 882.60 891.60 900.53 909.74 918.83 927.80 937.01 946.05 954.93 963.64 972.54 981.85 990.77 999.45 1008.50 1017.69 1026.37 1035.36 1044.04 1052.81 1061.65 1070.78 1079.34 1088.17 1097.02 1105.47 1114.55 1123.19 1131.79 1140.57 1149.30 1157.96 1166.53 1175.25 1183.84 1192.56 1201.12 1209.52 1218.42 1227.12 1235.17 1243.70 1252.74 1261.10 1269.66 1278.23 1286.55 1295.32 1303.34 1311.76 1320.59 1329.10 1337.58 1345.72 1354.26 1362.44 1371.01 1379.49 1388.01 1396.38 1404.32 1412.57 1421.14 1429.58 1438.03 1446.33 1454.61 1462.71 1471.08 1479.72 1487.84 1496.20 1504.35 1512.43 1520.75 1528.83 1537.14 1545.65 1553.60 1561.75 1570.12 1578.21 1586.49 1594.60 1602.87 1611.32 1619.49 1627.51 1635.72 1643.64 1651.73 1660.00 1668.43 1676.21 1684.94 1693.00 1701.18 1709.04 1717.52 1725.33 1733.58 1741.56 1749.63 1757.79 1766.05 1773.93 1781.88 1789.96 1798.18 1806.54 1814.71 1822.65 1831.04
-935.97 150041 1572.85 1572.67 1573.17 1572.29 1571.82 1571.70 1570.92 1570.43 1569.21 1569.19 1568.32 1567.57 1565.83 1565.06 1564.26 1563.29 1562.25 1560.98 1559.43 1558.61 1557.51 1556.03 1554.10 1552.67 1551.68 1550.10 1548.81 1546.97 1545.35 1542.96 1541.66 1539.46 1537.28 1536.25 1534.20 1532.09 1529.86 1527.42 1525.88 1523.09 1520.92 1518.33 1516.45 1514.00 1511.89 1509.45 1506.40 1503.58 1501.19 1498.98 1495.97 1493.29 1490.57 1487.14 1484.50 1481.97 1478.32 1475.52 1472.36 1468.81 1465.16 1462.24 1458.81 1456.00 1451.69 1448.78 1445.47 1441.35 1437.57 1434.08 1430.86 1426.70 1422.73 1418.96 1415.30 1411.38 1407.52 1403.67 1398.98 1395.09 1391.11 1386.68 1383.33 1378.61 1374.52 1370.21 1365.66 1361.64 1357.30 1352.63 1348.43 1343.86 1339.69 1335.11 1330.08 1325.76 1321.72 1317.10 1312.67 1307.67 1302.84 1298.13 1293.97 1288.72 1283.95 1279.27 1274.59 1269.15 1264.85 1259.73 1254.51 1249.63 1244.64 1239.92 1235.02 1229.92 1224.57 1220.13 1214.70 1209.37 1204.44 1199.61 1194.43 1188.90 1183.42 1178.71 1173.61 1168.09 1162.56 1157.24 1151.87 1147.14 1141.19 1135.86 1130.71 1125.46 1119.67 1114.47 1108.68 1103.42 1097.97 1092.57 1086.96 1081.85 1076.04 1070.70 1065.11 1059.48 1053.59 1048.12 1043.04 1037.20 1031.03 1025.89 1019.97 1014.39 1008.45 1002.84 997.53 991.39 985.54 980.01 974.75 968.62 962.73 957.08 951.70 945.92 940.40 934.00 928.52 922.64 917.03 911.67 905.40 899.34 894.60 888.26 882.77 876.83 870.60 864.96 858.96 853.09 847.36 841.75 835.62 829.62 823.81 818.20 812.31 806.63 800.56 794.97
-1124.04 150041 100.00 110.00 120.02 129.99 139.97 149.98 159.95 169.94 179.88 189.91 199.87 209.84 219.73 229.70 239.67 249.62 259.57 269.49 279.37 289.35 299.29 309.18 319.01 328.90 338.87 348.74 358.67 368.50 378.36 388.10 398.02 407.78 417.55 427.54 437.33 447.10 456.85 466.56 476.46 486.08 495.84 505.50 515.34 525.03 534.82 544.51 554.05 563.65 573.36 583.13 592.67 602.30 611.93 621.33 630.98 640.67 650.00 659.61 669.09 678.45 687.77 697.34 706.73 716.35 725.42 735.01 744.45 753.58 762.83 772.21 781.69 790.79 799.98 809.24 818.55 827.75 836.97 846.21 855.06 864.28 873.45 882.42 891.89 900.73 909.85 918.88 927.78 936.95 945.95 954.81 963.88 972.78 981.87 990.76 999.42 1008.45 1017.62 1026.48 1035.45 1044.12 1052.88 1061.70 1070.82 1079.35 1088.14 1096.97 1105.81 1114.23 1123.28 1131.88 1140.41 1149.14 1157.81 1166.63 1175.35 1183.95 1192.40 1201.40 1209.80 1218.26 1226.97 1235.74 1244.29 1252.63 1261.00 1269.84 1278.44 1286.79 1295.12 1303.59 1312.03 1320.87 1328.94 1337.40 1345.97 1354.49 1362.65 1371.20 1379.36 1387.87 1396.25 1404.67 1412.95 1421.56 1429.71 1438.16 1446.46 1454.72 1462.81 1471.18 1479.82 1487.94 1495.84 1504.44 1512.50 1520.80 1528.86 1537.13 1545.62 1553.53 1561.65 1569.98 1578.50 1586.42 1594.50 1602.75 1611.20 1619.35 1627.70 1635.42 1643.80 1651.89 1660.17 1668.62 1676.44 1684.40 1693.30 1701.06 1709.43 1717.48 1725.31 1733.57 1741.58 1749.67 1757.87 1766.15 1774.06 1782.07 1790.21 1798.49 1806.57 1814.80 1822.76 1831.04
-865.25 150042 1572.77 1572.55 1573.00 1572.02 1571.49 1571.28 1570.35 1569.66 1569.19 1568.81 1567.54 1566.31 1566.01 1564.62 1564.07 1562.28 1561.32 1560.04 1558.36 1557.25 1555.67 1554.52 1552.79 1551.39 1549.33 1547.67 1546.18 1544.83 1542.61 1540.41 1539.10 1536.89 1534.50 1532.85 1529.99 1527.99 1525.60 1523.74 1521.45 1518.89 1516.71 1513.89 1511.52 1508.40 1505.40 1502.68 1499.99 1497.55 1494.07 1491.67 1488.20 1485.75 1482.13 1479.10 1475.93 1472.57 1469.53 1466.15 1462.09 1459.35 1454.96 1451.81 1448.14 1444.75 1440.39 1436.19 1432.99 1428.99 1425.00 1420.59 1416.92 1412.29 1408.32 1404.15 1399.76 1395.91 1390.96 1386.49 1382.41 1377.92 1373.74 1369.08 1364.71 1359.81 1355.55 1350.71 1346.04 1341.48 1336.24 1332.20 1326.99 1322.20 1317.38 1312.49 1307.19 1302.52 1297.65 1292.27 1287.40 1282.69 1276.99 1272.16 1267.00 1261.49 1256.75 1251.60 1246.47 1240.88 1235.93 1229.78 1224.94 1218.82 1213.93 1208.83 1203.06 1197.75 1191.73 1186.11 1180.87 1175.34 1169.02 1164.16 1158.49 1152.44 1146.69 1140.75 1135.10 1129.70 1123.85 1118.21 1112.28 1106.50 1100.18 1094.62 1088.51 1082.51 1076.60 1070.74 1064.95 1059.20 1053.50 1047.81 1040.98 1035.24 1029.46 1023.64 1017.12 1011.17 1005.17 999.09 992.93 986.66 980.89 974.37 968.82 962.00 956.10 950.03 943.78 937.35 931.35 925.17 919.27 912.67 906.91 900.32 894.09 887.63 881.98 874.98 868.84 862.44 856.88 849.96 843.84 838.04 831.32 825.37 819.11 812.53 806.23 799.59 793.68 787.40 780.74 774.80 768.53 761.92 755.55 749.35 742.82 736.61 730.26 724.25
-1196.74 150042 100.00 110.00 120.01 129.98 139.97 149.97 159.93 169.91 179.90 189.90 199.83 209.76 219.78 229.69 239.69 249.55 259.50 269.42 279.28 289.23 299.10 309.04 318.89 328.80 338.59 348.45 358.34 368.26 378.02 387.78 397.72 407.47 417.18 427.06 436.67 446.47 456.18 466.02 475.75 485.42 495.18 504.78 514.50 524.01 533.55 543.18 552.81 562.52 571.91 581.64 591.03 600.74 610.08 619.61 629.09 638.52 648.05 657.46 666.62 676.27 685.30 694.80 704.11 713.52 722.54 731.62 741.13 750.29 759.46 768.45 777.76 786.64 795.82 804.91 813.89 823.14 831.85 840.80 849.94 858.87 867.96 876.81 885.81 894.54 903.59 912.35 921.19 930.09 938.62 947.81 956.36 965.14 973.90 982.62 991.11 999.96 1008.69 1017.14 1025.87 1034.71 1042.95 1051.71 1060.28 1068.63 1077.46 1086.03 1094.61 1102.91 1111.62 1119.55 1128.33 1136.28 1145.03 1153.64 1161.82 1170.29 1178.29 1186.57 1195.10 1203.43 1211.22 1220.02 1228.25 1236.23 1244.41 1252.46 1260.71 1269.13 1277.25 1285.51 1293.56 1301.72 1309.49 1317.81 1325.74 1333.74 1341.80 1349.90 1358.06 1366.24 1374.47 1382.70 1390.08 1398.28 1406.44 1414.57 1422.18 1430.22 1438.22 1446.16 1454.03 1461.83 1470.01 1477.61 1485.96 1493.32 1501.41 1509.35 1517.16 1524.82 1532.83 1540.69 1548.77 1556.30 1564.50 1572.03 1579.85 1587.49 1595.78 1602.98 1610.87 1618.57 1626.93 1634.19 1642.11 1650.27 1657.70 1665.75 1673.55 1681.08 1688.85 1696.34 1704.43 1712.21 1719.67 1727.74 1735.53 1743.05 1750.75 1758.60 1766.18 1774.02 1781.74 1789.74
-815.75 150044 1573.10 1573.18 1572.90 1573.12 1571.74 1571.64 1570.82 1570.21 1569.71 1568.29 1567.89 1566.46 1565.90 1564.15 1563.30 1562.14 1560.67 1559.78 1558.43 1556.61 1555.26 1553.34 1551.73 1550.35 1548.37 1546.52 1544.76 1543.03 1541.26 1539.33 1537.41 1535.22 1532.74 1530.87 1527.88 1526.34 1523.33 1520.94 1518.92 1516.25 1513.11 1511.00 1507.98 1505.21 1502.39 1499.70 1495.87 1493.01 1489.86 1486.70 1484.08 1480.43 1477.20 1473.73 1470.54 1466.97 1463.86 1459.90 1456.23 1452.85 1448.47 1444.23 1440.94 1436.88 1432.84 1428.75 1424.17 1420.62 1416.47 1412.07 1407.37 1403.13 1398.51 1394.63 1389.84 1385.71 1380.63 1376.13 1371.78 1366.74 1361.78 1357.27 1352.73 1347.36 1342.67 1337.51 1332.96 1327.46 1322.88 1317.32 1312.68 1306.99 1302.10 1296.85 1291.19 1286.25 1280.87 1276.15 1270.16 1264.82 1260.05 1253.95 1249.07 1242.84 1237.77 1232.43 1226.34 1220.60 1215.17 1210.03 1204.02 1198.24 1192.68 1186.61 1180.71 1174.94 1169.29 1163.24 1157.68 1151.04 1145.57 1139.03 1133.62 1127.09 1121.61 1114.95 1109.35 1103.63 1097.28 1091.26 1085.11 1078.81 1072.32 1066.23 1059.90 1053.82 1047.48 1041.49 1035.23 1028.67 1022.91 1016.21 1009.78 1004.05 996.88 990.98 984.08 977.87 971.83 965.35 958.43 952.14 945.87 939.72 933.10 925.99 920.03 913.58 907.11 900.13 893.68 887.26 880.30 873.80 867.79 861.18 854.01 847.87 841.14 834.88 828.06 821.72 814.78 808.32 801.23 794.58 788.36 781.48 775.02 768.51 761.37 754.60 748.20 741.65 734.91 728.02 721.50 714.30 707.99 701.56 694.49 687.79 681.67 674.75
-1243.27 150044 100.00 110.00 120.00 130.02 139.96 149.97 159.94 169.92 179.91 189.82 199.83 209.74 219.73 229.60 239.57 249.50 259.39 269.37 279.27 289.11 299.02 308.84 318.71 328.62 338.43 348.26 358.10 367.95 377.79 387.61 397.42 407.18 416.87 426.70 436.27 446.19 455.74 465.45 475.26 484.90 494.41 504.20 513.74 523.35 532.94 542.58 551.85 561.44 570.93 580.42 590.09 599.40 608.87 618.25 627.73 637.07 646.59 655.77 665.08 674.50 683.51 692.57 702.04 711.18 720.33 729.45 738.35 747.73 756.83 765.81 774.64 783.70 792.57 801.81 810.60 819.72 828.34 837.28 846.29 854.94 863.62 872.55 881.47 889.92 898.76 907.33 916.25 924.62 933.52 941.85 950.73 958.98 967.71 976.22 984.47 993.18 1001.61 1010.45 1018.50 1026.96 1035.78 1043.74 1052.50 1060.37 1069.00 1077.46 1085.41 1093.61 1102.01 1110.61 1118.61 1126.78 1135.09 1143.05 1151.12 1159.29 1167.54 1175.50 1183.83 1191.36 1199.75 1207.35 1215.79 1223.39 1231.78 1239.28 1247.59 1255.80 1263.54 1271.53 1279.41 1287.17 1294.79 1302.72 1310.47 1318.41 1326.15 1334.16 1341.96 1349.52 1357.72 1365.16 1372.82 1381.06 1388.10 1396.20 1403.47 1411.31 1419.30 1426.91 1434.16 1441.93 1449.73 1457.63 1465.12 1472.20 1480.27 1487.91 1495.53 1502.72 1510.36 1518.03 1525.22 1532.83 1540.86 1548.36 1555.37 1563.29 1570.69 1578.50 1585.82 1593.56 1600.78 1608.41 1615.49 1622.96 1630.81 1638.07 1645.71 1653.31 1660.33 1667.69 1675.39 1682.95 1690.33 1697.59 1705.18 1712.15 1719.92 1727.59 1734.68 1742.10 1750.03 1757.27
-779.51 150044 1573.14 1573.22 1572.90 1573.05 1572.52 1571.23 1570.18 1570.30 1569.53 1567.81 1567.07 1566.27 1565.33 1564.16 1562.81 1562.09 1559.97 1558.36 1557.22 1555.55 1554.25 1552.32 1550.63 1549.27 1548.06 1545.97 1543.91 1541.79 1539.54 1538.22 1535.69 1533.75 1531.41 1528.86 1526.74 1524.07 1521.04 1519.21 1515.73 1513.62 1510.67 1508.02 1505.32 1502.46 1499.73 1495.88 1492.87 1489.52 1486.93 1482.98 1479.72 1477.12 1473.00 1470.28 1465.90 1462.72 1458.98 1455.12 1451.37 1447.73 1443.31 1439.74 1434.95 1431.25 1427.03 1422.61 1418.79 1414.59 1409.96 1405.67 1400.87 1396.75 1391.63 1387.08 1382.61 1377.49 1372.41 1367.71 1362.93 1358.01 1353.35 1348.51 1343.46 1338.13 1332.94 1327.43 1322.75 1316.96 1311.89 1306.78 1301.90 1295.78 1290.99 1285.36 1279.80 1274.78 1269.08 1263.80 1258.22 1251.90 1247.06 1241.38 1235.29 1229.44 1223.81 1217.91 1212.13 1206.45 1200.23 1194.74 1188.67 1182.62 1176.53 1171.02 1164.81 1158.51 1152.72 1146.16 1140.03 1134.19 1127.67 1122.01 1115.49 1109.31 1102.84 1096.59 1090.65 1084.36 1077.72 1071.29 1064.94 1058.75 1052.13 1045.52 1039.05 1032.62 1026.28 1019.44 1013.15 1006.32 999.99 993.66 987.24 980.25 973.73 967.16 961.02 954.26 946.87 940.89 933.72 926.91 920.43 913.74 906.91 900.37 893.10 886.68 880.01 873.14 866.54 859.17 853.07 846.19 839.03 832.08 825.35 818.84 811.53 804.46 797.64 791.05 784.68 777.48 770.47 763.62 756.43 750.39 742.98 736.22 729.12 722.13 715.24 708.43 701.69 694.03 687.49 680.54 673.71 666.52 659.45 653.00 645.68 638.51
-1275.79 150044 100.00 110.00 119.99 130.02 140.00 149.94 159.89 169.93 179.90 189.78 199.76 209.73 219.68 229.61 239.52 249.52 259.32 269.19 279.13 288.99 298.91 308.72 318.58 328.49 338.44 348.22 358.01 367.78 377.53 387.47 397.15 406.97 416.69 426.36 436.14 445.78 455.32 465.19 474.60 484.39 493.95 503.59 513.23 522.81 532.43 541.69 551.23 560.65 570.34 579.55 589.00 598.70 607.84 617.50 626.53 636.02 645.29 654.52 663.79 673.11 682.09 691.45 700.26 709.56 718.63 727.60 736.86 745.94 754.80 763.84 772.61 781.74 790.35 799.25 808.20 816.80 825.42 834.25 843.04 851.74 860.60 869.35 877.98 886.45 895.00 903.35 912.21 920.39 929.01 937.60 946.35 954.31 963.12 971.38 979.70 988.37 996.58 1005.09 1013.38 1021.18 1029.98 1038.21 1046.16 1054.27 1062.54 1070.61 1078.77 1087.01 1094.85 1103.22 1111.17 1119.13 1127.06 1135.44 1143.27 1151.05 1159.21 1166.78 1174.67 1182.81 1190.40 1198.67 1206.27 1214.13 1221.76 1229.56 1237.62 1245.39 1252.88 1260.53 1268.26 1276.13 1283.62 1291.13 1298.76 1306.42 1314.14 1321.45 1329.23 1336.55 1344.30 1352.05 1359.72 1366.89 1374.47 1382.01 1389.93 1397.30 1404.11 1412.18 1419.18 1426.50 1434.13 1441.56 1448.86 1456.44 1463.34 1471.02 1478.47 1485.74 1493.25 1500.06 1508.05 1515.30 1522.29 1529.49 1536.88 1544.49 1551.35 1558.42 1565.74 1573.27 1581.00 1587.96 1595.09 1602.38 1609.34 1617.40 1624.15 1631.52 1638.56 1645.72 1652.96 1660.29 1667.69 1674.19 1681.78 1688.96 1696.27 1703.23 1710.30 1717.98 1724.81 1731.79
-707.29 150046 1573.01 1572.99 1572.51 1572.47 1571.77 1571.27 1569.98 1569.78 1568.64 1567.48 1567.26 1565.88 1564.26 1563.45 1562.25 1560.58 1559.36 1557.57 1556.10 1554.95 1553.06 1551.34 1548.94 1547.56 1545.20 1543.70 1541.07 1539.34 1537.30 1534.84 1532.89 1530.63 1527.77 1525.19 1522.16 1520.26 1516.63 1514.23 1511.77 1508.57 1505.19 1502.74 1499.05 1496.16 1492.79 1490.05 1485.86 1483.12 1478.82 1475.82 1472.30 1468.24 1464.97 1461.04 1457.22 1453.42 1449.19 1444.88 1440.43 1436.60 1432.50 1428.08 1423.30 1418.90 1414.79 1410.08 1405.93 1400.68 1395.84 1390.97 1386.43 1381.79 1376.26 1371.23 1366.33 1361.07 1355.87 1350.20 1345.24 1339.74 1334.85 1329.37 1323.73 1318.61 1312.78 1307.38 1301.69 1295.86 1290.32 1284.36 1278.60 1273.03 1267.65 1261.29 1255.70 1249.52 1243.38 1237.86 1231.66 1225.39 1220.08 1213.51 1207.40 1201.59 1195.02 1188.66 1182.61 1176.22 1169.95 1163.29 1156.76 1150.85 1144.48 1137.60 1131.25 1124.34 1117.91 1111.44 1104.82 1098.09 1091.72 1084.69 1078.03 1071.67 1064.57 1057.78 1051.24 1044.43 1037.29 1030.82 1023.53 1016.43 1009.97 1003.12 995.90 988.79 981.76 974.80 967.87 960.97 954.10 946.72 939.81 932.38 925.85 918.29 911.65 904.42 897.08 889.64 883.04 875.32 868.43 861.38 853.66 846.74 839.61 832.30 824.80 817.56 810.59 802.90 795.46 788.24 780.72 773.86 766.24 758.84 751.64 744.19 736.97 729.49 722.22 714.67 707.76 700.04 692.46 685.47 677.64 670.42 662.84 655.82 648.42 640.63 633.39 625.78 618.23 610.76 603.38 595.66 588.52 581.09 573.57 566.29
-1339.74 150046 100.00 110.00 119.99 130.00 139.97 149.96 159.89 169.91 179.85 189.78 199.81 209.72 219.60 229.58 239.51 249.37 259.30 269.14 279.03 288.98 298.80 308.65 318.37 328.29 338.02 347.92 357.58 367.44 377.23 386.93 396.74 406.49 416.08 425.74 435.28 445.13 454.49 464.21 473.91 483.39 492.81 502.53 511.83 521.41 530.83 540.47 549.59 559.24 568.30 577.86 587.23 596.37 605.83 615.03 624.27 633.52 642.59 651.61 660.57 669.82 678.94 687.91 696.71 705.69 714.82 723.64 732.76 741.28 750.04 758.77 767.69 776.56 784.91 793.56 802.28 810.78 819.32 827.57 836.26 844.62 853.36 861.73 869.99 878.59 886.72 895.14 903.36 911.49 919.82 927.85 936.03 944.34 952.78 960.53 968.82 976.70 984.59 992.95 1000.80 1008.59 1017.13 1024.69 1032.61 1040.75 1048.31 1056.02 1063.99 1071.68 1079.48 1086.94 1094.52 1102.61 1110.33 1117.60 1125.32 1132.57 1140.23 1147.86 1155.36 1162.75 1170.47 1177.60 1185.06 1192.79 1199.85 1207.19 1214.77 1222.09 1229.10 1236.75 1243.61 1250.65 1258.32 1265.61 1272.54 1279.57 1286.68 1293.86 1301.07 1308.31 1315.58 1322.34 1329.58 1336.28 1343.91 1350.48 1357.99 1364.91 1371.70 1378.39 1385.95 1392.35 1399.62 1406.71 1413.10 1420.33 1427.36 1434.18 1440.80 1447.70 1454.88 1461.30 1467.99 1474.90 1481.51 1488.82 1495.31 1502.03 1508.97 1515.65 1522.57 1529.21 1536.08 1542.64 1549.90 1556.28 1562.80 1569.98 1576.23 1583.15 1589.68 1596.84 1603.56 1609.85 1616.76 1623.25 1629.80 1636.45 1643.20 1649.57 1656.58 1663.28 1669.88 1676.74
-659.96 150047 1572.82 1572.64 1573.02 1571.85 1571.93 1571.17 1570.57 1569.04 1568.53 1567.95 1566.27 1565.36 1564.16 1562.68 1561.75 1560.28 1558.21 1556.47 1554.99 1553.74 1551.64 1549.81 1548.01 1546.15 1544.15 1541.93 1539.60 1537.86 1534.75 1533.18 1530.09 1528.18 1524.60 1522.30 1520.10 1517.05 1514.19 1511.20 1508.28 1505.09 1501.85 1498.21 1495.22 1491.99 1488.11 1484.73 1481.75 1477.97 1474.50 1470.11 1467.13 1463.06 1459.02 1454.99 1450.89 1446.26 1442.58 1438.19 1433.43 1429.46 1424.62 1420.40 1415.62 1410.93 1406.28 1401.56 1396.40 1391.86 1386.33 1381.68 1376.66 1371.27 1365.91 1360.54 1355.35 1350.01 1344.01 1339.15 1333.27 1327.28 1321.63 1316.25 1311.12 1305.07 1299.21 1293.48 1287.18 1281.57 1275.29 1269.58 1263.79 1257.28 1251.28 1245.15 1239.30 1232.72 1226.95 1220.27 1213.83 1208.10 1201.35 1194.77 1188.83 1182.39 1175.45 1169.02 1162.56 1155.96 1149.28 1142.43 1135.44 1128.80 1122.44 1115.26 1108.84 1101.60 1095.00 1088.04 1081.16 1074.33 1067.07 1060.37 1053.21 1046.06 1038.89 1031.70 1024.46 1017.65 1010.73 1003.67 996.45 989.07 981.51 974.73 967.27 960.11 952.74 945.61 938.27 930.70 923.83 916.17 908.66 901.26 894.00 886.81 879.24 871.26 863.82 856.91 849.06 841.70 833.92 826.61 818.86 811.56 803.79 796.47 788.68 781.29 773.38 765.86 758.22 750.53 742.69 735.17 728.00 720.27 711.98 704.92 696.83 689.55 681.72 673.73 666.05 658.67 650.68 642.96 635.51 627.46 619.68 612.15 604.35 596.38 588.65 581.13 573.36 565.42 557.75 549.84 542.16 534.68 526.52 518.96
-1371.88 150047 100.00 110.00 120.02 129.97 139.99 149.96 159.95 169.85 179.85 189.84 199.72 209.68 219.61 229.50 239.47 249.36 259.15 269.00 278.89 288.83 298.61 308.44 318.28 328.10 337.90 347.65 357.37 367.24 376.77 386.69 396.22 406.06 415.44 425.18 434.96 444.48 454.06 463.60 473.17 482.65 492.11 501.43 510.98 520.44 529.67 539.08 548.65 557.91 567.29 576.30 585.89 595.03 604.18 613.33 622.45 631.32 640.64 649.63 658.43 667.63 676.39 685.46 694.24 703.08 711.93 720.75 729.32 738.24 746.59 755.46 764.11 772.54 780.98 789.42 797.97 806.42 814.45 823.22 831.32 839.34 847.59 856.02 864.64 872.62 880.72 888.91 896.70 904.98 912.77 920.99 929.16 936.76 944.77 952.67 960.78 968.33 976.52 983.98 991.63 999.86 1007.26 1014.79 1022.86 1030.52 1037.74 1045.40 1053.04 1060.54 1067.99 1075.27 1082.44 1089.92 1097.65 1104.63 1112.32 1119.23 1126.76 1133.94 1141.19 1148.50 1155.39 1162.83 1169.81 1176.80 1183.78 1190.73 1197.63 1204.97 1212.20 1219.28 1226.20 1232.95 1239.51 1246.90 1253.56 1260.54 1267.30 1274.32 1281.11 1287.65 1294.96 1301.39 1308.00 1314.73 1321.61 1328.58 1335.10 1341.18 1347.87 1355.15 1361.36 1368.14 1374.43 1381.26 1387.59 1394.44 1400.74 1407.56 1413.84 1420.59 1426.72 1433.31 1439.77 1446.16 1452.37 1458.97 1465.98 1472.33 1478.00 1485.15 1491.06 1497.95 1504.17 1510.20 1516.61 1523.38 1529.41 1535.76 1542.44 1548.40 1554.68 1561.27 1567.53 1573.58 1579.91 1586.53 1592.81 1598.91 1605.32 1611.45 1617.86 1624.51 1630.31 1636.88
-598.43 150049 1573.29 1573.54 1573.34 1572.49 1571.83 1571.28 1570.82 1569.40 1568.91 1567.24 1566.38 1565.19 1563.79 1562.90 1561.49 1559.40 1557.57 1555.95 1554.43 1552.06 1550.80 1548.52 1547.01 1544.37 1542.66 1540.58 1538.08 1535.03 1532.53 1530.30 1527.30 1524.59 1521.89 1519.37 1516.75 1513.05 1510.28 1507.15 1503.92 1500.51 1497.42 1493.96 1490.64 1486.82 1483.32 1478.84 1475.34 1472.00 1467.89 1463.77 1459.19 1455.67 1451.58 1447.18 1442.40 1437.92 1434.14 1428.58 1424.35 1419.39 1414.42 1409.83 1405.09 1400.13 1394.82 1389.60 1384.68 1379.67 1374.08 1368.31 1363.02 1357.69 1352.02 1346.65 1340.40 1334.35 1328.89 1323.03 1317.24 1311.45 1305.59 1299.01 1292.90 1286.63 1281.24 1274.48 1268.51 1262.22 1255.56 1249.60 1243.20 1236.33 1230.05 1223.83 1217.07 1210.80 1203.88 1197.33 1190.09 1183.69 1177.02 1170.08 1163.34 1156.75 1149.27 1142.91 1135.63 1128.39 1121.68 1114.43 1107.63 1100.78 1092.82 1085.69 1078.84 1071.29 1063.97 1056.86 1049.91 1042.13 1034.52 1027.50 1020.10 1012.35 1005.13 997.52 989.92 982.82 975.28 967.27 959.67 952.45 944.70 936.79 929.21 921.93 914.06 906.48 898.29 890.75 883.04 875.56 867.41 859.46 851.69 844.08 836.14 828.34 820.67 812.72 804.87 796.61 788.88 780.72 773.07 764.98 756.90 748.85 741.29 733.28 725.28 717.28 709.26 701.19 693.07 684.89 677.11 668.79 660.88 652.91 644.89 636.82 628.68 620.48 612.54 604.50 596.34 588.06 580.11 572.02 563.81 555.45 547.72 539.35 531.28 523.06 514.70 506.95 498.25 490.22 482.00 474.03 465.82 457.43
-1411.81 150049 100.00 110.00 120.00 129.97 139.95 149.93 159.93 169.84 179.84 189.72 199.69 209.62 219.52 229.49 239.39 249.18 259.02 268.88 278.77 288.50 298.44 308.18 318.08 327.75 337.61 347.39 357.08 366.62 376.30 386.06 395.60 405.23 414.86 424.54 434.20 443.52 453.13 462.63 472.10 481.50 491.01 500.39 509.83 519.07 528.44 537.41 546.79 556.23 565.35 574.46 583.37 592.75 601.88 610.86 619.65 628.59 637.89 646.27 655.34 664.03 672.71 681.60 690.40 699.09 707.56 716.10 724.81 733.47 741.77 749.94 758.43 766.90 775.14 783.58 791.41 799.39 807.77 815.88 824.03 832.19 840.30 847.85 855.77 863.56 872.04 879.44 887.48 895.24 902.72 910.77 918.45 925.74 933.52 941.36 948.74 956.54 963.77 971.33 978.26 985.96 993.41 1000.62 1008.00 1015.53 1022.22 1029.98 1036.84 1043.75 1051.18 1058.08 1065.42 1072.71 1078.87 1085.89 1093.19 1099.76 1106.58 1113.62 1120.83 1127.14 1133.63 1140.78 1147.51 1153.84 1160.78 1167.26 1173.77 1180.84 1187.40 1193.42 1199.92 1206.87 1213.19 1219.33 1225.85 1232.74 1238.91 1245.44 1251.22 1257.79 1264.16 1270.82 1276.64 1282.71 1289.01 1295.51 1301.59 1307.85 1314.27 1320.33 1326.53 1332.19 1338.56 1344.34 1350.81 1356.68 1362.58 1368.51 1375.09 1381.08 1387.08 1393.09 1399.06 1404.96 1410.80 1416.55 1422.85 1428.42 1434.54 1440.58 1446.55 1452.46 1458.28 1464.00 1470.08 1476.03 1481.82 1487.42 1493.49 1499.38 1505.09 1510.59 1516.98 1522.46 1528.37 1534.07 1539.56 1545.92 1550.94 1556.90 1562.59 1568.65 1574.36 1579.81
-574.75 150049 1572.75 1572.43 1572.66 1572.30 1571.18 1571.15 1570.21 1569.26 1568.17 1566.88 1565.36 1564.61 1563.45 1561.83 1560.64 1558.78 1557.14 1555.68 1553.36 1552.23 1550.10 1547.87 1545.45 1543.75 1541.00 1538.82 1537.08 1533.80 1531.98 1529.42 1526.03 1523.84 1520.66 1517.61 1514.37 1512.04 1508.47 1505.67 1502.38 1498.81 1495.47 1491.73 1488.42 1484.19 1481.06 1477.21 1473.44 1469.35 1465.21 1460.94 1456.50 1452.69 1448.60 1444.14 1439.19 1434.46 1430.26 1425.41 1420.56 1415.62 1410.95 1406.08 1400.93 1395.44 1390.68 1385.40 1379.99 1374.41 1368.86 1363.71 1358.22 1351.93 1346.55 1340.70 1334.94 1329.21 1323.52 1317.31 1311.44 1305.41 1299.21 1292.77 1286.67 1280.24 1273.93 1267.25 1261.23 1254.76 1248.37 1241.44 1235.00 1229.01 1222.40 1215.15 1208.79 1201.69 1194.85 1188.25 1181.86 1174.60 1167.45 1160.88 1153.84 1146.81 1139.73 1132.10 1125.40 1118.61 1111.20 1104.13 1096.82 1089.72 1082.36 1074.67 1067.57 1060.12 1052.28 1044.99 1037.69 1029.92 1022.62 1014.87 1007.56 999.70 992.21 984.20 976.55 969.20 961.63 953.43 945.97 938.25 930.74 922.54 914.54 906.69 898.96 891.35 883.37 875.46 867.61 859.44 851.67 843.56 835.47 827.73 819.62 811.50 803.70 795.49 787.57 779.55 771.43 763.66 755.32 747.34 739.24 731.01 722.64 714.95 706.30 698.29 690.09 682.14 673.52 665.47 657.21 649.19 640.96 632.54 624.72 616.21 607.95 599.92 591.66 583.48 575.04 566.78 558.57 550.57 542.28 533.69 525.55 517.11 508.83 500.53 492.40 483.94 475.18 466.89 458.75 450.55 442.05 433.75
-1430.07 150049 100.00 109.99 120.01 130.00 139.95 149.98 159.93 169.89 179.83 189.74 199.63 209.62 219.55 229.42 239.36 249.19 259.05 268.95 278.69 288.65 298.42 308.17 317.88 327.75 337.38 347.14 357.01 366.49 376.35 386.02 395.45 405.23 414.72 424.24 433.70 443.46 452.81 462.42 471.86 481.20 490.63 499.91 509.35 518.43 527.95 537.18 546.45 555.57 564.67 573.72 582.68 591.94 601.07 610.02 618.72 627.53 636.62 645.37 654.11 662.81 671.66 680.39 688.96 697.33 706.14 714.63 723.04 731.35 739.67 748.25 756.61 764.42 772.86 780.97 789.14 797.35 805.57 813.41 821.51 829.49 837.34 844.99 852.92 860.58 868.34 875.79 883.79 891.42 899.11 906.34 913.99 922.04 929.55 936.48 944.20 951.26 958.56 966.08 973.80 980.69 987.69 995.25 1002.35 1009.46 1016.52 1023.03 1030.48 1037.84 1044.56 1051.64 1058.46 1065.51 1072.28 1078.69 1085.74 1092.41 1098.66 1105.50 1112.34 1118.65 1125.50 1131.82 1138.65 1144.84 1151.48 1157.49 1163.93 1170.73 1177.28 1183.05 1189.72 1196.08 1202.69 1208.45 1214.46 1220.66 1227.00 1233.51 1239.53 1245.65 1251.85 1257.63 1263.93 1269.79 1275.66 1282.01 1287.87 1293.71 1299.97 1305.69 1311.79 1317.77 1323.60 1329.94 1335.47 1341.50 1347.36 1353.04 1358.53 1364.96 1370.06 1376.06 1381.77 1387.86 1392.97 1398.92 1404.55 1410.54 1416.22 1421.62 1427.89 1433.17 1438.81 1444.78 1450.41 1456.17 1461.54 1467.18 1472.90 1478.91 1484.51 1489.65 1495.47 1500.84 1506.43 1512.03 1517.85 1523.19 1528.08 1533.68 1539.49 1545.22 1550.49 1556.07
-515.24 150051 1572.98 1572.89 1572.31 1572.08 1572.05 1571.06 1570.11 1569.09 1567.96 1566.60 1565.88 1563.74 1563.21 1561.15 1559.42 1557.89 1556.47 1554.15 1552.95 1550.70 1548.30 1546.60 1544.61 1542.43 1539.81 1537.56 1534.63 1532.11 1529.66 1526.55 1523.33 1521.13 1517.77 1514.09 1511.20 1508.15 1504.53 1501.50 1497.76 1494.44 1490.55 1486.56 1482.68 1478.90 1475.10 1471.21 1467.13 1462.40 1458.57 1453.98 1450.13 1444.59 1440.47 1435.73 1431.06 1426.31 1421.83 1416.40 1411.39 1406.46 1401.09 1395.62 1390.29 1384.77 1379.68 1373.77 1368.13 1362.64 1356.59 1350.57 1344.54 1339.06 1332.36 1326.60 1320.62 1314.35 1307.75 1301.81 1295.40 1288.51 1282.13 1275.15 1269.18 1262.56 1255.25 1249.29 1242.57 1235.05 1228.76 1221.61 1214.57 1207.59 1200.67 1193.27 1186.81 1179.30 1172.64 1165.34 1157.84 1150.64 1143.67 1136.41 1128.84 1121.38 1114.03 1106.27 1099.00 1091.67 1083.85 1076.39 1068.35 1060.61 1053.13 1045.40 1037.47 1029.72 1022.10 1014.12 1006.22 998.39 990.59 982.45 974.68 966.53 958.72 950.52 942.60 934.59 926.47 918.23 909.86 901.78 893.52 885.85 877.16 869.04 860.66 852.81 844.69 836.30 827.61 819.38 811.27 802.83 794.82 786.44 777.70 769.35 761.08 752.40 744.05 735.71 727.23 718.74 710.52 701.85 693.44 685.01 676.36 667.68 659.22 650.71 642.39 633.54 624.87 616.37 607.77 599.34 590.80 582.43 573.53 564.79 556.63 547.91 539.32 530.60 522.00 513.49 504.82 496.25 487.07 478.64 470.03 461.48 452.73 444.05 435.44 426.65 417.92 409.28 400.46 391.69 383.32 374.24
-1469.29 150051 100.00 110.00 119.98 129.98 140.01 149.96 159.91 169.86 179.80 189.70 199.69 209.49 219.52 229.32 239.17 249.05 258.96 268.70 278.65 288.40 298.11 307.98 317.78 327.54 337.19 346.94 356.51 366.19 375.89 385.39 394.86 404.66 414.08 423.39 432.97 442.50 451.83 461.36 470.64 480.08 489.29 498.46 507.68 516.94 526.20 535.41 544.54 553.36 562.62 571.51 580.76 589.16 598.29 607.09 615.94 624.74 633.69 642.10 650.75 659.46 667.89 676.27 684.73 693.07 701.69 709.76 718.02 726.39 734.35 742.34 750.31 758.71 766.18 774.36 782.38 790.17 797.69 805.75 813.43 820.70 828.40 835.58 843.65 851.14 858.02 866.11 873.52 880.18 887.99 894.99 902.10 909.26 916.47 923.22 930.91 937.53 945.03 951.86 958.49 965.43 972.61 979.49 986.03 992.69 999.48 1005.80 1012.67 1019.49 1025.73 1032.39 1038.37 1044.70 1051.35 1057.69 1063.79 1070.11 1076.59 1082.62 1088.75 1094.97 1101.24 1107.06 1113.35 1119.16 1125.41 1131.14 1137.25 1143.24 1149.08 1154.75 1160.23 1166.13 1171.76 1178.24 1183.26 1189.10 1194.57 1200.80 1206.65 1212.09 1217.09 1222.77 1228.63 1234.00 1240.02 1245.48 1250.39 1255.89 1261.51 1266.50 1272.01 1277.54 1282.82 1288.11 1293.83 1298.83 1304.24 1309.61 1314.65 1319.62 1324.96 1330.21 1335.77 1340.46 1345.44 1350.71 1355.82 1361.20 1366.41 1371.90 1376.50 1381.36 1387.21 1392.11 1397.22 1402.13 1407.22 1412.49 1417.48 1422.62 1426.72 1432.13 1437.22 1442.40 1447.26 1452.22 1457.31 1462.07 1466.97 1472.00 1476.72 1481.52 1487.04 1491.29
-496.21 150052 1572.59 1572.11 1572.17 1571.57 1571.14 1570.77 1569.43 1569.05 1567.49 1566.64 1565.45 1563.80 1562.76 1561.12 1558.81 1557.58 1555.46 1553.36 1552.35 1550.28 1547.98 1545.39 1543.62 1541.48 1538.83 1536.50 1533.73 1531.07 1528.41 1525.03 1522.37 1519.75 1515.90 1512.83 1509.32 1506.52 1503.13 1499.41 1496.12 1492.83 1488.87 1485.06 1481.28 1477.17 1472.98 1468.66 1464.91 1460.02 1455.57 1451.47 1446.86 1442.85 1437.73 1433.04 1428.28 1423.38 1418.67 1412.89 1407.86 1402.40 1397.59 1392.14 1386.51 1380.82 1375.42 1369.56 1363.84 1358.21 1352.10 1346.42 1340.16 1334.21 1328.08 1321.69 1315.56 1309.01 1302.51 1296.10 1289.62 1283.10 1276.93 1270.04 1262.97 1256.13 1249.50 1242.53 1235.71 1228.53 1221.45 1214.92 1207.87 1200.82 1193.69 1186.94 1179.03 1171.91 1164.56 1157.41 1149.95 1142.65 1135.44 1127.84 1120.74 1113.17 1105.12 1097.89 1090.11 1082.63 1074.54 1067.18 1059.54 1051.19 1043.85 1035.76 1027.75 1019.81 1011.89 1003.97 996.05 988.09 980.06 971.93 963.70 955.79 947.72 939.49 931.41 923.12 915.07 906.79 898.57 890.08 881.75 873.85 865.61 857.03 848.57 840.06 831.65 823.59 815.13 806.69 798.10 789.53 781.23 772.47 764.43 755.91 747.17 738.81 730.20 721.48 712.92 704.49 695.95 687.11 678.83 669.98 661.25 652.81 644.02 635.32 626.87 618.04 609.67 600.68 592.15 583.23 574.77 565.68 557.06 548.49 539.70 530.92 522.14 513.77 504.73 496.07 487.37 478.42 469.85 460.81 452.13 443.40 434.39 425.75 417.04 408.28 399.46 390.37 381.63 372.75 364.08 355.21
-1484.22 150052 100.00 109.99 120.00 129.98 139.98 149.98 159.90 169.91 179.80 189.77 199.70 209.56 219.52 229.38 239.13 249.07 258.85 268.63 278.62 288.41 298.14 307.81 317.66 327.43 337.07 346.80 356.41 366.05 375.69 385.11 394.76 404.42 413.68 423.20 432.57 442.18 451.59 460.87 470.32 479.77 488.96 498.21 507.47 516.58 525.66 534.68 543.97 552.71 561.67 570.80 579.67 588.86 597.46 606.30 615.09 623.80 632.64 640.83 649.48 657.86 666.64 675.03 683.29 691.52 699.94 708.04 716.25 724.51 732.43 740.67 748.47 756.52 764.42 772.11 780.01 787.57 795.18 802.85 810.46 818.05 825.94 833.20 840.28 847.57 855.07 862.24 869.55 876.52 883.59 891.19 898.28 905.37 912.39 919.79 925.99 933.01 939.79 946.79 953.45 960.29 967.23 973.72 980.79 987.33 993.30 1000.24 1006.53 1013.17 1019.08 1025.87 1032.33 1037.89 1044.73 1050.62 1056.62 1062.69 1068.79 1074.90 1081.00 1087.06 1093.02 1098.85 1104.53 1110.67 1116.57 1122.26 1128.14 1133.74 1139.68 1145.29 1150.98 1156.28 1161.81 1167.99 1173.66 1178.82 1184.15 1189.41 1194.81 1200.77 1206.09 1211.46 1216.59 1221.75 1227.34 1232.19 1238.18 1243.42 1248.30 1253.80 1258.88 1263.78 1268.95 1274.36 1279.55 1284.25 1289.89 1294.57 1299.45 1304.83 1309.61 1314.55 1319.91 1324.60 1330.12 1334.54 1339.77 1344.31 1349.67 1353.91 1358.98 1364.14 1368.92 1373.70 1378.48 1384.01 1388.32 1393.33 1398.27 1402.74 1407.91 1412.22 1417.19 1422.07 1426.43 1431.47 1436.40 1441.21 1445.93 1450.15 1455.01 1459.60 1464.62 1469.22
-457.20 150053 1571.81 1571.53 1571.74 1571.32 1570.05 1569.78 1568.53 1567.19 1566.63 1565.78 1564.55 1562.83 1561.64 1559.81 1558.19 1556.67 1554.19 1552.63 1550.14 1548.44 1546.45 1544.09 1541.51 1539.33 1536.51 1534.14 1531.86 1528.63 1525.56 1522.28 1519.89 1516.22 1513.28 1509.81 1506.92 1503.34 1499.34 1495.71 1492.37 1488.02 1484.62 1480.37 1476.87 1472.36 1468.44 1463.78 1459.91 1455.18 1450.27 1445.54 1440.92 1436.28 1431.97 1426.74 1421.26 1416.58 1411.45 1405.77 1400.60 1395.21 1389.08 1384.41 1378.21 1372.84 1366.38 1361.03 1354.49 1348.91 1342.48 1336.37 1329.89 1323.51 1317.27 1310.51 1304.23 1297.32 1290.80 1284.07 1277.61 1270.31 1264.18 1257.14 1250.16 1242.71 1235.74 1228.73 1221.64 1214.88 1206.96 1199.76 1192.77 1185.48 1177.88 1170.86 1163.44 1155.60 1148.23 1140.38 1132.92 1125.30 1117.54 1110.04 1102.27 1094.71 1086.43 1078.72 1070.61 1063.05 1055.03 1046.98 1038.89 1030.72 1022.91 1014.48 1006.70 998.72 990.53 982.10 973.84 965.29 957.20 948.77 940.76 932.38 923.63 915.69 906.88 898.82 890.31 881.34 873.07 864.57 855.98 847.56 839.03 830.64 821.69 813.29 804.31 795.86 787.06 778.76 769.84 761.37 752.24 743.78 735.07 726.36 717.39 708.79 699.71 690.97 682.13 673.59 664.74 655.78 646.71 637.94 629.04 620.43 611.67 602.55 593.67 584.60 575.73 567.07 557.82 549.16 540.31 531.26 522.41 513.38 504.55 495.30 486.42 477.72 468.58 459.57 450.30 441.37 432.57 423.49 414.51 405.65 396.32 387.30 378.39 369.20 360.51 351.55 342.31 333.17 324.14 315.20
-1509.40 150053 100.00 109.99 120.01 130.00 139.93 149.95 159.87 169.79 179.79 189.76 199.68 209.54 219.47 229.31 239.17 249.06 258.77 268.65 278.35 288.21 298.01 307.73 317.40 327.16 336.76 346.48 356.22 365.70 375.21 384.66 394.40 403.72 413.28 422.66 432.25 441.59 450.77 460.08 469.52 478.54 487.96 497.02 506.40 515.34 524.54 533.40 542.64 551.45 560.17 568.98 577.85 586.71 595.76 604.29 612.66 621.52 630.11 638.34 646.91 655.33 663.26 672.18 680.05 688.50 696.17 704.65 712.24 720.56 728.23 736.14 743.77 751.47 759.28 766.66 774.45 781.69 789.27 796.67 804.31 811.18 819.14 826.25 833.41 840.11 847.28 854.41 861.46 868.86 875.04 881.98 889.15 896.00 902.50 909.65 916.35 922.59 929.34 935.55 942.21 948.69 955.01 961.63 967.93 974.48 980.12 986.51 992.37 998.94 1004.91 1010.85 1016.73 1022.49 1028.75 1034.16 1040.48 1046.51 1052.25 1057.63 1063.27 1068.48 1074.37 1079.76 1085.78 1091.23 1096.12 1102.25 1107.05 1113.01 1118.26 1122.78 1128.42 1133.68 1138.80 1144.19 1149.42 1154.89 1159.39 1164.83 1169.28 1174.65 1179.41 1185.04 1189.57 1194.91 1199.08 1204.44 1209.36 1214.27 1218.70 1223.82 1228.05 1232.92 1237.59 1242.84 1247.50 1251.94 1256.18 1260.99 1265.55 1270.66 1275.50 1279.63 1284.22 1288.45 1293.07 1298.10 1301.96 1307.01 1311.66 1315.92 1320.60 1324.90 1329.59 1333.45 1338.05 1343.01 1347.08 1351.43 1355.24 1359.73 1364.50 1368.70 1373.11 1377.75 1381.42 1385.73 1390.29 1394.24 1399.25 1403.70 1407.54 1411.61 1415.92 1420.40
-414.00 150054 1572.57 1572.07 1572.05 1571.37 1570.81 1570.18 1569.50 1568.71 1566.71 1566.33 1564.51 1563.23 1561.32 1559.64 1558.10 1556.55 1553.96 1552.38 1550.56 1548.44 1545.92 1543.12 1540.67 1538.47 1535.75 1533.10 1530.40 1527.81 1524.06 1521.17 1517.86 1514.30 1511.34 1507.66 1504.41 1500.32 1496.49 1492.82 1489.22 1485.26 1481.21 1477.01 1472.55 1468.49 1463.96 1459.65 1454.73 1450.35 1445.21 1440.72 1435.33 1430.91 1425.46 1420.82 1414.96 1409.64 1404.35 1398.72 1393.37 1387.14 1381.68 1375.57 1369.43 1363.84 1357.37 1351.76 1345.34 1338.97 1332.12 1325.78 1319.39 1312.32 1305.59 1299.13 1292.84 1285.68 1278.62 1271.57 1264.99 1257.34 1250.49 1243.44 1236.18 1228.66 1221.33 1213.68 1206.60 1199.12 1191.22 1183.78 1176.71 1169.07 1161.27 1153.33 1145.62 1138.10 1130.25 1122.53 1114.52 1106.54 1098.56 1090.56 1082.88 1074.28 1066.33 1058.20 1049.87 1041.76 1033.71 1025.36 1017.14 1008.60 1000.44 991.89 983.66 974.99 966.57 958.09 949.53 941.12 932.43 923.59 915.31 906.42 898.05 889.30 880.33 871.80 863.27 854.27 845.66 836.75 827.77 819.13 810.37 801.48 792.64 783.68 774.94 766.02 756.90 747.97 739.22 730.25 721.44 712.39 703.48 694.33 685.28 676.34 667.09 658.30 649.17 640.10 631.07 621.69 612.73 603.41 594.66 585.54 576.42 567.32 557.83 548.70 539.68 530.63 521.54 512.04 502.86 493.63 484.53 475.38 466.18 456.93 447.62 438.74 429.41 420.33 410.81 401.56 392.35 383.38 373.92 364.69 355.49 346.18 336.74 327.66 318.47 309.19 299.79 290.76 281.27 272.00
-1532.82 150054 100.00 109.99 120.00 129.97 139.96 149.94 159.92 169.89 179.73 189.76 199.60 209.52 219.34 229.20 239.08 248.97 258.65 268.53 278.37 288.14 297.82 307.43 317.13 326.89 336.51 346.15 355.79 365.45 374.75 384.33 393.76 403.11 412.67 421.97 431.44 440.58 449.81 459.11 468.45 477.64 486.78 495.85 504.80 513.95 522.86 531.89 540.60 549.60 558.18 567.13 575.57 584.57 592.96 601.84 609.97 618.44 626.92 635.19 643.65 651.49 659.89 667.80 675.70 684.01 691.65 699.96 707.63 715.33 722.64 730.38 738.08 745.17 752.56 760.20 768.02 775.00 782.09 789.18 796.74 803.22 810.53 817.63 824.50 831.10 837.90 844.35 851.43 858.07 864.23 870.92 878.03 884.49 890.74 896.83 903.21 909.82 916.01 922.37 928.35 934.38 940.41 946.41 952.84 958.02 964.08 969.91 975.45 981.31 987.25 992.75 998.46 1003.67 1009.47 1014.66 1020.35 1025.34 1030.75 1036.05 1041.21 1046.63 1051.58 1056.28 1061.92 1066.54 1072.04 1076.87 1081.33 1086.57 1091.80 1096.19 1101.28 1105.83 1110.25 1115.29 1120.12 1124.70 1129.38 1133.81 1138.70 1143.22 1147.34 1151.84 1156.71 1161.13 1165.87 1170.13 1174.68 1178.71 1182.98 1187.46 1191.29 1196.09 1200.18 1204.38 1208.69 1212.23 1216.68 1220.35 1225.25 1229.35 1233.47 1237.61 1240.89 1244.95 1249.30 1253.56 1257.72 1260.96 1264.91 1268.78 1272.92 1276.95 1280.88 1284.68 1288.33 1293.00 1296.61 1300.83 1303.98 1307.77 1311.67 1316.15 1319.45 1323.30 1327.22 1330.85 1334.19 1338.42 1342.37 1346.08 1349.52 1353.85 1357.07 1360.82
-384.10 150056 1572.32 1572.52 1572.15 1571.04 1571.01 1569.93 1568.80 1567.52 1566.95 1565.03 1563.78 1562.88 1561.28 1558.93 1557.67 1555.38 1553.86 1551.37 1549.53 1547.36 1544.74 1542.72 1540.06 1537.58 1534.54 1531.48 1528.56 1525.37 1523.04 1519.33 1516.28 1512.59 1509.38 1505.35 1501.65 1498.21 1494.95 1490.54 1486.10 1482.39 1478.47 1474.28 1469.67 1465.35 1460.43 1455.62 1451.24 1446.82 1441.50 1436.72 1431.34 1426.35 1421.33 1415.76 1410.69 1404.86 1399.32 1393.29 1388.06 1382.16 1376.24 1370.23 1364.04 1357.57 1351.33 1344.63 1338.48 1331.76 1325.43 1318.37 1311.57 1305.00 1298.08 1291.21 1284.34 1277.38 1270.32 1263.10 1255.64 1248.38 1240.80 1233.80 1226.40 1218.56 1211.18 1203.31 1195.82 1188.66 1180.88 1172.84 1164.97 1157.26 1149.67 1141.78 1133.47 1126.00 1117.64 1109.69 1101.63 1093.76 1085.35 1077.07 1068.99 1060.65 1052.75 1044.04 1035.85 1027.56 1018.83 1010.38 1001.89 993.59 984.74 976.46 967.60 958.82 950.52 941.56 933.03 924.48 915.24 906.58 897.62 888.98 880.22 871.33 862.69 853.67 844.47 835.65 826.82 817.76 808.83 799.65 790.97 781.99 772.71 763.51 754.56 745.65 736.76 727.35 718.47 709.22 699.96 690.67 681.87 672.50 663.23 654.25 644.84 635.69 626.60 617.40 608.08 598.64 589.58 580.38 571.04 561.55 552.38 543.06 533.59 524.40 515.03 505.80 496.53 487.08 477.77 468.40 459.18 449.78 440.31 430.97 421.75 412.44 402.92 393.61 384.08 374.64 365.40 355.93 346.63 337.08 327.61 318.32 308.78 299.42 290.13 280.60 271.26 261.97 252.53 243.10
-1552.48 150056 100.00 110.00 120.00 129.94 139.97 149.91 159.85 169.77 179.77 189.61 199.53 209.51 219.38 229.12 239.06 248.80 258.69 268.39 278.22 287.98 297.64 307.44 317.08 326.77 336.30 345.82 355.38 364.86 374.63 383.93 393.45 402.75 412.23 421.39 430.68 440.08 449.55 458.54 467.51 476.81 486.02 495.09 503.97 512.99 521.70 530.47 539.47 548.46 556.93 565.72 574.16 582.83 591.48 599.79 608.42 616.55 624.87 632.86 641.41 649.49 657.55 665.54 673.39 681.02 688.84 696.27 704.17 711.57 719.33 726.43 733.76 741.30 748.52 755.79 763.06 770.25 777.33 784.24 790.90 797.78 804.31 811.48 818.21 824.44 831.19 837.38 844.00 851.03 857.31 863.27 869.45 875.82 882.34 888.49 894.08 900.78 906.30 912.37 918.28 924.46 929.90 935.50 941.41 946.92 953.10 958.05 963.80 969.39 974.31 979.65 984.93 990.52 995.21 1000.86 1005.52 1010.31 1015.94 1020.41 1025.64 1030.84 1034.79 1039.81 1044.26 1049.30 1054.13 1058.70 1063.77 1068.10 1072.06 1076.79 1081.49 1085.72 1090.23 1094.21 1099.23 1103.64 1107.41 1111.34 1115.80 1120.36 1124.98 1128.42 1133.08 1136.88 1140.66 1144.38 1149.21 1152.75 1156.50 1160.94 1164.35 1168.40 1172.58 1176.49 1180.13 1183.47 1187.72 1191.65 1195.23 1198.43 1202.44 1206.07 1209.30 1213.27 1216.75 1220.62 1224.38 1227.66 1231.30 1234.80 1238.69 1242.10 1245.34 1248.90 1252.79 1256.46 1259.54 1263.19 1266.24 1269.55 1273.42 1276.61 1280.30 1283.31 1286.52 1290.25 1293.28 1296.79 1300.51 1303.56 1307.13 1310.86 1314.15 1317.48
-361.33 150056 1572.48 1572.89 1571.78 1571.97 1571.19 1570.30 1569.33 1568.17 1566.70 1565.76 1564.32 1562.42 1560.76 1559.23 1557.74 1555.17 1553.55 1551.66 1549.40 1546.68 1544.61 1541.92 1539.43 1536.36 1533.31 1531.32 1528.21 1524.78 1521.20 1518.27 1514.73 1511.62 1507.65 1503.98 1500.51 1495.97 1492.69 1488.17 1484.34 1480.27 1475.85 1471.82 1467.30 1462.15 1457.85 1453.16 1448.35 1443.37 1438.15 1433.00 1427.40 1422.46 1416.89 1411.76 1406.31 1399.98 1394.83 1388.62 1382.40 1377.21 1370.72 1364.55 1358.51 1352.03 1345.08 1338.61 1332.04 1325.79 1318.72 1311.81 1304.98 1298.22 1291.42 1284.01 1276.95 1269.69 1262.65 1255.29 1247.56 1240.36 1232.71 1224.96 1217.58 1209.63 1201.96 1194.50 1186.35 1179.20 1171.28 1163.42 1155.10 1147.25 1139.35 1131.39 1123.31 1115.10 1106.69 1098.86 1090.42 1082.01 1073.73 1065.39 1057.11 1048.41 1039.99 1031.81 1023.12 1014.33 1006.12 997.58 988.86 980.18 971.51 962.57 954.01 945.37 936.43 927.35 918.74 909.76 901.00 892.04 882.88 873.89 865.03 855.91 846.90 837.97 829.10 819.91 810.77 801.65 792.69 783.72 774.20 765.18 756.10 746.97 737.41 728.28 719.06 710.08 700.63 691.56 682.36 673.01 663.52 654.34 645.00 635.49 626.25 617.14 607.50 598.43 588.81 579.74 570.12 560.91 551.56 541.97 532.56 523.21 513.61 504.16 494.74 485.47 475.93 466.52 457.14 447.49 438.28 428.80 419.14 409.79 400.25 390.73 381.30 371.85 362.48 352.79 343.47 333.83 324.25 314.63 305.37 295.78 286.25 276.68 267.17 257.63 248.13 238.54 228.95 219.33
-1565.58 150056 100.00 110.01 119.97 130.00 139.97 149.93 159.88 169.81 179.71 189.67 199.57 209.39 219.25 229.14 239.03 248.71 258.59 268.42 278.16 287.79 297.58 307.21 316.90 326.42 335.94 345.80 355.30 364.70 374.04 383.61 392.96 402.48 411.66 420.96 430.35 439.28 448.76 457.69 466.94 476.07 485.05 494.21 503.13 511.72 520.76 529.59 538.36 547.04 555.57 564.13 572.43 581.14 589.44 598.04 606.42 614.20 622.81 630.65 638.49 647.11 654.73 662.60 670.57 678.19 685.40 693.03 700.57 708.40 715.48 722.70 730.01 737.39 744.73 751.46 758.54 765.42 772.53 779.30 785.66 792.61 799.05 805.38 812.13 818.21 824.63 831.31 837.13 844.21 850.32 856.50 862.08 868.27 874.41 880.47 886.36 892.07 897.49 903.74 909.13 914.54 920.15 925.67 931.27 936.23 941.63 947.40 952.36 957.15 962.91 968.12 973.02 977.98 982.97 987.46 992.64 997.70 1002.17 1006.41 1011.53 1015.91 1020.75 1025.21 1029.24 1033.61 1038.27 1042.37 1046.71 1051.21 1055.86 1059.82 1063.87 1067.96 1072.43 1076.88 1080.07 1084.40 1088.60 1092.68 1095.74 1099.83 1103.71 1108.16 1111.49 1115.73 1119.64 1123.20 1126.38 1130.37 1133.95 1137.07 1140.90 1145.09 1147.87 1152.15 1154.99 1159.29 1162.10 1166.02 1169.58 1172.45 1175.84 1179.40 1182.24 1185.51 1188.87 1192.66 1195.67 1199.07 1202.55 1205.23 1209.19 1212.36 1215.03 1218.61 1221.62 1224.66 1228.00 1231.28 1234.80 1237.34 1241.03 1243.71 1246.58 1249.34 1253.19 1256.03 1259.07 1261.97 1265.07 1268.07 1271.20 1274.03 1276.84 1279.58
-323.80 150058 1572.07 1572.08 1571.52 1571.18 1570.88 1569.50 1569.01 1567.28 1566.17 1564.54 1563.46 1561.69 1560.09 1558.53 1555.99 1554.18 1552.28 1550.04 1547.34 1545.05 1542.34 1539.85 1537.70 1534.62 1531.44 1529.21 1525.71 1522.94 1518.70 1515.81 1512.46 1508.23 1505.07 1501.18 1496.99 1492.75 1488.38 1484.62 1480.56 1476.08 1471.11 1466.78 1462.55 1457.51 1452.29 1448.01 1442.67 1437.68 1432.19 1426.58 1421.47 1415.63 1410.14 1404.88 1399.03 1393.19 1386.77 1380.63 1374.86 1368.14 1362.10 1355.56 1348.99 1342.83 1335.93 1329.27 1322.24 1315.27 1308.28 1301.18 1293.93 1286.49 1279.75 1272.15 1264.64 1257.11 1249.56 1241.89 1234.50 1226.46 1218.61 1210.94 1203.36 1195.37 1187.87 1179.51 1171.44 1163.75 1155.10 1147.07 1138.82 1130.78 1122.77 1114.43 1105.76 1097.45 1089.15 1080.39 1072.31 1063.73 1055.31 1046.33 1037.90 1029.52 1020.49 1011.86 1003.18 994.41 985.31 976.68 967.67 958.87 949.85 940.97 931.84 922.81 913.87 904.60 895.89 886.63 877.55 868.45 859.31 850.10 840.82 831.44 822.48 813.05 803.82 794.58 785.18 775.95 766.53 757.38 748.00 738.42 729.37 719.78 710.38 701.05 691.46 682.33 672.62 663.35 653.78 644.32 634.85 625.49 615.82 606.51 596.86 587.26 577.89 568.26 558.56 549.16 539.68 529.93 520.46 510.90 501.34 491.70 482.02 472.57 463.00 453.38 443.63 434.09 424.50 414.78 405.28 395.40 385.99 376.26 366.64 356.95 347.43 337.75 327.99 318.40 308.65 299.04 289.33 279.70 269.96 260.36 250.60 240.96 231.24 221.65 211.89 202.24 192.48 182.80
-1586.29 150058 100.00 110.00 119.98 129.98 139.99 149.90 159.91 169.77 179.71 189.58 199.53 209.37 219.24 229.13 238.81 248.65 258.48 268.22 277.86 287.59 297.22 306.90 316.69 326.20 335.69 345.47 354.85 364.47 373.57 383.16 392.59 401.67 411.18 420.39 429.47 438.53 447.53 456.81 465.95 474.89 483.59 492.60 501.68 510.32 518.85 527.94 536.39 545.06 553.43 561.70 570.31 578.44 586.80 595.32 603.43 611.54 619.22 627.12 635.30 642.73 650.71 658.27 665.81 673.71 680.96 688.42 695.53 702.70 709.85 716.89 723.78 730.47 737.90 744.41 751.01 757.59 764.15 770.57 777.32 783.28 789.48 795.89 802.44 808.44 815.11 820.63 826.53 832.96 838.05 844.02 849.67 855.63 861.63 867.16 872.17 877.73 883.31 888.16 894.12 899.25 904.66 909.12 914.51 920.00 924.34 929.40 934.37 939.18 943.35 948.43 952.77 957.53 961.85 966.46 970.54 974.85 979.34 983.11 988.11 991.91 996.10 1000.25 1004.30 1008.20 1011.93 1015.42 1019.91 1023.26 1027.12 1030.95 1034.37 1038.21 1041.60 1045.66 1049.14 1052.05 1056.43 1059.31 1062.73 1066.33 1069.20 1073.40 1075.92 1079.70 1082.62 1085.86 1089.09 1092.63 1095.22 1098.92 1101.59 1104.40 1107.93 1110.65 1113.14 1116.57 1119.78 1122.10 1125.32 1128.26 1131.20 1133.84 1136.39 1139.71 1142.60 1145.32 1147.62 1150.63 1153.44 1155.84 1159.00 1160.80 1164.27 1166.60 1169.35 1171.83 1174.92 1177.44 1179.66 1182.51 1184.74 1187.51 1189.90 1192.60 1194.90 1197.72 1199.90 1202.58 1204.91 1207.79 1209.97 1212.60 1214.82 1217.29
