# 
# Dokument z dolzinami vzmeti, casi zajemov in tockami.
# 
# Obdelane so slike v obsegu od './slikePoravnane/nelin/000-145500.jpg' do './slikePoravnane/nelin/469-150149.jpg'.
# 
# Podatki so shranjeni v sledeci obliki:
# DolzinaVzmetiY[0], Cas[0], TockeY[0]
# DolzinaVzmetiX[0], Cas[0], TockeX[0]
# DolzinaVzmetiY[1], Cas[1], TockeY[1]
# DolzinaVzmetiX[1], Cas[1], TockeX[1]
# 	...
# DolzinaVzmetiY[:], Cas[:], TockeY[:]
# DolzinaVzmetiX[:], Cas[:], TockeX[:]
# 
# Koordinate x narascajo desno, y pa navzdol.
# Ce je 'DolzinaVzmeti' 10000.0, je bil nosilec povesen preko meja slike in ni bilo mogoce zajeti vseh tock.
# Nezajete tocke imajo koordinate 10000.0.
# 
# 
-843.94 145609 1573.79 1573.59 1573.35 1573.99 1573.53 1573.93 1573.26 1573.53 1573.73 1572.86 1572.98 1573.12 1573.26 1573.37 1573.41 1573.42 1573.41 1573.43 1573.46 1573.56 1572.82 1573.18 1573.68 1573.31 1574.06 1573.93 1573.91 1574.00 1574.18 1574.46 1574.86 1574.40 1575.10 1574.98 1575.03 1575.27 1575.68 1575.29 1576.06 1576.04 1576.23 1576.60 1576.15 1576.84 1576.70 1576.73 1576.93 1577.32 1577.91 1577.74 1577.84 1578.24 1578.97 1579.05 1579.44 1579.15 1580.15 1580.45 1580.03 1580.90 1581.07 1581.53 1581.28 1581.32 1581.67 1582.31 1582.24 1583.47 1583.03 1583.93 1584.18 1584.78 1584.74 1585.11 1585.85 1585.96 1586.48 1586.37 1586.66 1587.31 1587.30 1587.65 1588.36 1588.45 1588.93 1589.82 1590.13 1590.84 1590.99 1591.52 1591.49 1591.84 1592.61 1592.82 1593.45 1593.51 1594.00 1594.96 1595.36 1595.23 1595.57 1596.40 1596.74 1597.55 1597.79 1598.49 1598.63 1599.27 1599.40 1600.02 1601.15 1600.84 1602.02 1602.72 1602.92 1603.62 1603.85 1604.58 1604.82 1605.58 1605.89 1606.74 1607.13 1607.08 1607.58 1608.65 1609.25 1609.36 1610.00 1611.16 1610.85 1612.06 1611.78 1612.98 1613.76 1614.05 1613.86 1615.16 1614.92 1616.14 1615.91 1617.16 1616.94 1618.21 1617.98 1619.29 1619.16 1619.51 1620.33 1620.64 1621.40 1621.67 1622.46 1622.70 1623.50 1623.84 1624.70 1625.13 1625.15 1625.66 1626.67 1627.20 1627.21 1627.65 1628.54 1628.88 1629.70 1630.02 1630.82 1631.13 1631.00 1632.41 1632.36 1632.84 1633.83 1634.32 1634.30 1634.76 1635.69 1636.15 1636.08 1637.43 1637.20 1637.47 1638.19 1638.34 1638.95 1639.95 1640.44 1640.44 1640.90 1641.68 1641.95 1642.94
-1036.44 145609 100.00 110.00 120.00 130.00 140.00 150.00 160.00 170.00 180.00 190.00 200.00 210.00 220.00 230.00 240.00 250.00 260.00 270.00 280.00 290.00 300.01 310.00 320.00 330.00 340.00 350.00 360.00 370.00 380.00 389.99 399.99 410.00 419.99 429.99 439.99 449.99 459.98 469.99 479.98 489.98 499.98 509.98 519.99 529.97 539.98 549.98 559.98 569.97 579.96 589.97 599.97 609.96 619.94 629.95 639.94 649.95 659.93 669.92 679.94 689.92 699.92 709.91 719.92 729.92 739.92 749.90 759.91 769.88 779.90 789.87 799.87 809.85 819.86 829.85 839.83 849.84 859.82 869.84 879.83 889.82 899.82 909.82 919.80 929.80 939.79 949.76 959.76 969.74 979.74 989.73 999.73 1009.73 1019.71 1029.71 1039.69 1049.69 1059.68 1069.65 1079.64 1089.66 1099.65 1109.62 1119.62 1129.59 1139.59 1149.57 1159.57 1169.56 1179.56 1189.54 1199.50 1209.53 1219.48 1229.46 1239.46 1249.44 1259.44 1269.41 1279.41 1289.39 1299.39 1309.35 1319.35 1329.37 1339.35 1349.31 1359.29 1369.30 1379.28 1389.23 1399.26 1409.21 1419.24 1429.19 1439.16 1449.16 1459.19 1469.13 1479.16 1489.11 1499.13 1509.08 1519.11 1529.05 1539.08 1549.02 1559.04 1569.04 1579.01 1589.01 1598.98 1608.98 1618.95 1628.95 1638.93 1648.92 1658.89 1668.88 1678.90 1688.88 1698.84 1708.83 1718.84 1728.83 1738.80 1748.80 1758.77 1768.76 1778.74 1788.73 1798.76 1808.70 1818.71 1828.70 1838.66 1848.65 1858.66 1868.65 1878.62 1888.61 1898.62 1908.57 1918.59 1928.59 1938.57 1948.57 1958.55 1968.52 1978.51 1988.52 1998.51 2008.48 2018.48 2028.44
-781.18 145609 1572.82 1572.66 1572.43 1573.06 1572.55 1572.89 1572.13 1572.26 1572.28 1572.18 1572.00 1571.72 1571.34 1571.85 1571.21 1571.43 1571.55 1571.57 1571.52 1571.45 1571.33 1571.20 1571.09 1570.96 1570.83 1570.71 1570.59 1570.50 1571.42 1571.36 1571.33 1571.27 1571.19 1571.09 1570.99 1570.89 1570.78 1570.62 1570.46 1571.30 1571.15 1570.97 1570.79 1570.61 1570.46 1571.31 1571.16 1571.01 1570.86 1570.71 1570.55 1571.41 1571.29 1571.23 1571.22 1571.24 1571.29 1571.38 1571.49 1571.65 1570.84 1571.08 1571.31 1571.54 1571.77 1570.99 1571.24 1571.52 1571.79 1571.13 1571.53 1570.98 1571.49 1572.02 1571.59 1571.20 1571.85 1571.54 1571.30 1572.12 1571.96 1571.83 1571.74 1571.74 1571.81 1571.92 1572.11 1572.40 1572.76 1572.15 1572.59 1572.07 1572.62 1572.25 1572.94 1572.72 1572.57 1572.49 1573.46 1573.49 1573.58 1572.75 1573.02 1573.35 1573.77 1573.30 1573.93 1573.68 1573.55 1573.51 1573.62 1573.87 1574.22 1574.59 1574.02 1574.52 1574.10 1574.75 1574.45 1575.27 1575.22 1575.33 1575.58 1574.93 1575.38 1575.92 1575.55 1575.25 1576.04 1575.92 1575.91 1576.06 1576.37 1576.79 1576.33 1576.97 1576.72 1576.60 1576.58 1576.60 1576.70 1576.87 1577.10 1577.42 1577.78 1577.23 1577.76 1577.36 1578.03 1577.74 1577.49 1578.26 1578.03 1577.82 1577.66 1577.57 1577.56 1577.63 1577.73 1577.89 1578.13 1578.44 1578.78 1578.17 1578.59 1578.04 1578.54 1579.02 1578.53 1579.10 1578.73 1578.39 1579.11 1578.90 1578.78 1578.74 1578.71 1578.67 1578.67 1578.69 1578.74 1578.76 1578.74 1578.71 1578.66 1578.60 1578.53 1579.46 1579.42 1579.44 1579.61 1579.07 1579.90 1580.18
-1103.96 145609 100.00 110.00 120.00 130.01 140.00 150.01 160.00 170.00 180.00 190.00 200.00 210.00 219.99 230.00 239.99 250.00 260.00 270.00 280.00 290.00 300.00 310.00 320.00 330.00 340.00 350.00 360.00 370.00 380.00 390.00 400.00 410.00 420.00 430.00 440.00 450.00 460.00 470.00 480.00 490.00 500.00 510.00 520.00 530.00 540.00 550.00 560.00 570.00 580.00 590.00 600.00 610.00 620.00 630.00 640.00 650.00 660.00 670.00 680.00 690.00 700.00 710.00 720.00 730.00 740.00 750.00 760.00 770.00 780.00 790.00 800.00 810.00 820.00 830.00 840.00 850.00 860.00 870.00 880.00 890.00 900.00 910.00 920.00 930.00 940.00 950.00 960.00 970.00 979.99 990.00 999.99 1010.00 1019.99 1030.00 1039.99 1049.99 1060.00 1070.00 1079.99 1089.99 1099.99 1110.00 1119.99 1129.99 1139.99 1149.99 1159.99 1169.99 1179.99 1189.99 1199.99 1209.99 1219.99 1229.99 1239.99 1249.99 1259.99 1269.99 1279.99 1289.98 1299.98 1309.98 1319.98 1329.99 1339.98 1349.98 1359.98 1369.98 1379.98 1389.98 1399.98 1409.98 1419.98 1429.97 1439.98 1449.97 1459.97 1469.98 1479.98 1489.98 1499.98 1509.98 1519.97 1529.97 1539.97 1549.98 1559.97 1569.97 1579.97 1589.97 1599.97 1609.97 1619.97 1629.97 1639.97 1649.97 1659.97 1669.97 1679.97 1689.97 1699.97 1709.97 1719.97 1729.97 1739.97 1749.97 1759.97 1769.97 1779.97 1789.97 1799.97 1809.97 1819.97 1829.97 1839.97 1849.97 1859.97 1869.97 1879.97 1889.97 1899.97 1909.97 1919.97 1929.97 1939.97 1949.97 1959.97 1969.97 1979.97 1989.97 1999.97 2009.98 2019.96 2029.96
-735.53 145610 1572.79 1572.55 1573.21 1572.74 1572.14 1572.38 1572.51 1572.52 1572.42 1572.22 1571.92 1571.49 1571.88 1571.11 1571.16 1571.06 1570.82 1570.42 1570.90 1570.30 1570.62 1570.84 1569.95 1569.96 1569.89 1569.76 1569.53 1570.21 1569.78 1569.23 1569.60 1569.85 1568.99 1569.04 1569.02 1568.90 1568.69 1568.37 1568.93 1568.37 1568.68 1568.83 1567.83 1567.67 1568.35 1567.87 1567.24 1567.45 1567.53 1567.49 1567.36 1567.15 1566.87 1566.53 1567.11 1566.55 1566.85 1565.99 1565.97 1565.78 1565.43 1565.93 1565.31 1565.56 1565.65 1565.58 1565.33 1564.85 1564.16 1564.26 1564.18 1563.95 1563.53 1563.97 1563.25 1563.34 1563.27 1563.01 1562.51 1562.79 1561.86 1561.73 1562.44 1561.98 1561.30 1561.42 1561.39 1561.19 1560.82 1560.23 1560.43 1560.43 1560.28 1559.97 1559.46 1559.72 1559.77 1559.58 1559.16 1558.51 1558.62 1558.50 1558.24 1557.83 1557.27 1557.54 1557.68 1557.66 1557.50 1557.11 1556.52 1556.73 1556.76 1556.58 1556.20 1555.61 1555.82 1554.86 1554.71 1555.34 1554.75 1554.94 1553.94 1553.74 1554.33 1553.74 1553.94 1552.95 1552.77 1553.37 1552.73 1552.85 1551.75 1552.42 1551.89 1551.12 1551.14 1550.97 1550.62 1551.03 1550.15 1550.00 1549.58 1549.90 1548.97 1548.79 1549.38 1548.74 1548.82 1548.62 1548.14 1547.40 1547.34 1546.95 1546.27 1546.31 1546.10 1545.59 1545.77 1545.65 1545.25 1544.61 1544.67 1544.41 1543.77 1543.84 1543.57 1542.96 1542.03 1541.76 1542.18 1541.35 1541.26 1540.90 1540.25 1540.31 1539.99 1539.28 1539.21 1538.82 1539.07 1537.99 1537.54 1537.74 1537.63 1537.18 1536.37 1536.23 1535.75 1535.98 1534.91 1534.56 1534.85 1534.53
-1155.55 145610 100.00 110.00 120.01 130.00 139.99 150.00 160.00 170.00 180.00 190.00 200.00 209.99 220.00 229.99 239.99 249.99 259.99 269.98 279.99 289.98 299.98 309.99 319.98 329.98 339.98 349.98 359.98 369.98 379.98 389.97 399.98 409.98 419.97 429.97 439.97 449.97 459.97 469.97 479.98 489.97 499.98 509.98 519.97 529.96 539.98 549.97 559.96 569.96 579.97 589.97 599.97 609.96 619.96 629.96 639.97 649.96 659.97 669.95 679.96 689.95 699.95 709.96 719.95 729.95 739.96 749.96 759.95 769.95 779.93 789.94 799.94 809.93 819.93 829.94 839.93 849.93 859.93 869.93 879.92 889.93 899.91 909.91 919.92 929.92 939.91 949.91 959.91 969.91 979.90 989.89 999.90 1009.90 1019.90 1029.90 1039.89 1049.90 1059.90 1069.90 1079.89 1089.88 1099.88 1109.88 1119.88 1129.87 1139.87 1149.87 1159.87 1169.88 1179.87 1189.87 1199.86 1209.86 1219.87 1229.87 1239.86 1249.85 1259.86 1269.84 1279.84 1289.85 1299.84 1309.85 1319.83 1329.83 1339.84 1349.83 1359.84 1369.82 1379.82 1389.83 1399.82 1409.83 1419.80 1429.82 1439.81 1449.80 1459.80 1469.80 1479.79 1489.81 1499.79 1509.79 1519.78 1529.79 1539.77 1549.77 1559.79 1569.77 1579.78 1589.78 1599.77 1609.75 1619.75 1629.75 1639.73 1649.73 1659.73 1669.72 1679.73 1689.73 1699.72 1709.71 1719.72 1729.71 1739.70 1749.71 1759.70 1769.69 1779.66 1789.66 1799.67 1809.65 1819.66 1829.65 1839.64 1849.64 1859.64 1869.62 1879.62 1889.61 1899.63 1909.60 1919.59 1929.60 1939.60 1949.59 1959.57 1969.57 1979.56 1989.57 1999.54 2009.54 2019.55 2029.55
-694.69 145611 1573.23 1573.47 1573.62 1573.65 1573.51 1573.21 1572.73 1572.06 1572.16 1572.05 1571.77 1572.29 1571.62 1571.77 1570.75 1570.56 1571.18 1570.56 1570.72 1570.71 1570.52 1570.18 1569.67 1570.01 1569.23 1569.31 1569.27 1569.08 1568.69 1569.08 1568.26 1568.22 1567.96 1567.49 1567.79 1566.90 1566.84 1566.59 1567.11 1566.41 1566.49 1566.34 1565.92 1565.23 1565.22 1564.91 1564.31 1564.39 1564.19 1563.72 1564.01 1563.08 1562.93 1562.59 1563.01 1562.12 1561.86 1562.27 1561.33 1561.06 1560.46 1560.56 1560.40 1559.97 1559.22 1559.09 1558.58 1558.71 1558.48 1557.86 1557.88 1557.55 1556.89 1556.87 1556.45 1555.62 1555.39 1554.77 1554.74 1554.30 1553.44 1553.14 1552.41 1552.27 1551.74 1551.80 1551.45 1550.71 1550.57 1550.02 1549.02 1548.59 1548.72 1548.42 1547.71 1547.55 1546.94 1546.85 1546.32 1545.33 1544.94 1545.12 1543.86 1544.19 1543.14 1542.66 1542.73 1542.36 1541.52 1541.25 1540.54 1540.38 1539.76 1539.68 1539.15 1538.15 1537.71 1537.80 1537.39 1536.50 1536.10 1535.20 1534.82 1534.97 1534.66 1533.91 1533.71 1533.11 1532.07 1531.59 1531.59 1531.03 1530.96 1530.37 1529.31 1528.73 1528.62 1527.99 1527.84 1527.19 1526.01 1526.29 1525.04 1525.23 1523.92 1524.07 1523.67 1522.69 1522.11 1521.95 1521.20 1519.85 1519.88 1519.30 1518.17 1517.45 1517.15 1516.26 1515.79 1515.76 1515.14 1514.96 1514.18 1512.82 1512.80 1512.14 1511.82 1510.88 1510.35 1509.24 1508.58 1508.41 1507.66 1507.35 1506.47 1505.97 1505.83 1505.05 1504.62 1503.59 1502.98 1502.72 1501.76 1501.13 1500.80 1499.84 1499.22 1498.89 1497.96 1497.44 1496.36 1495.70 1495.45 1494.69
-1188.16 145611 100.00 110.00 120.00 130.00 140.00 150.00 159.99 169.98 179.99 189.99 199.98 209.99 219.98 229.99 239.97 249.97 259.99 269.97 279.98 289.98 299.98 309.98 319.97 329.98 339.97 349.97 359.97 369.97 379.96 389.97 399.96 409.96 419.95 429.95 439.95 449.94 459.94 469.94 479.95 489.94 499.94 509.94 519.93 529.92 539.92 549.92 559.90 569.91 579.91 589.90 599.91 609.89 619.89 629.89 639.90 649.88 659.87 669.89 679.87 689.86 699.85 709.85 719.85 729.85 739.83 749.83 759.82 769.83 779.83 789.81 799.82 809.81 819.80 829.80 839.79 849.77 859.77 869.75 879.76 889.75 899.72 909.72 919.70 929.70 939.68 949.70 959.69 969.67 979.67 989.66 999.62 1009.61 1019.63 1029.62 1039.60 1049.61 1059.59 1069.59 1079.58 1089.54 1099.54 1109.56 1119.51 1129.53 1139.50 1149.49 1159.50 1169.49 1179.46 1189.46 1199.44 1209.44 1219.43 1229.43 1239.42 1249.38 1259.37 1269.39 1279.38 1289.35 1299.34 1309.31 1319.30 1329.32 1339.32 1349.29 1359.29 1369.28 1379.24 1389.23 1399.24 1409.23 1419.24 1429.22 1439.18 1449.16 1459.17 1469.15 1479.16 1489.14 1499.09 1509.12 1519.06 1529.09 1539.03 1549.05 1559.05 1569.01 1578.99 1589.00 1598.97 1608.91 1618.93 1628.91 1638.86 1648.84 1658.84 1668.80 1678.79 1688.81 1698.79 1708.79 1718.77 1728.70 1738.72 1748.70 1758.70 1768.66 1778.65 1788.60 1798.58 1808.58 1818.56 1828.56 1838.52 1848.51 1858.52 1868.49 1878.48 1888.44 1898.42 1908.42 1918.38 1928.36 1938.36 1948.32 1958.30 1968.30 1978.26 1988.25 1998.20 2008.18 2018.18 2028.16
-660.49 145612 1573.17 1573.33 1573.40 1573.34 1573.12 1572.70 1573.06 1572.20 1572.10 1571.80 1572.28 1571.52 1571.55 1571.38 1570.96 1570.28 1570.33 1570.11 1569.65 1569.96 1569.04 1568.91 1568.56 1568.96 1568.14 1568.10 1567.83 1567.33 1567.57 1567.52 1567.18 1566.54 1566.60 1566.35 1565.78 1565.90 1564.70 1565.18 1564.36 1564.21 1563.73 1563.93 1562.78 1563.25 1562.33 1562.03 1561.33 1561.24 1560.74 1560.85 1560.60 1559.98 1559.00 1558.63 1558.84 1558.61 1557.95 1557.83 1557.25 1556.22 1555.75 1555.82 1555.47 1554.67 1554.38 1553.59 1553.29 1552.45 1552.07 1552.13 1550.66 1550.74 1550.25 1549.23 1548.71 1548.61 1547.97 1547.76 1546.95 1546.57 1545.60 1545.04 1544.89 1544.16 1542.86 1542.99 1542.54 1541.50 1540.84 1540.55 1539.63 1539.06 1538.87 1538.06 1537.64 1536.62 1536.00 1535.72 1534.79 1534.23 1533.04 1533.20 1532.72 1531.58 1530.79 1530.35 1529.26 1528.52 1528.10 1528.03 1527.30 1525.91 1525.84 1525.10 1524.67 1523.56 1522.77 1522.24 1521.98 1520.98 1520.26 1519.82 1518.67 1517.87 1517.37 1516.21 1516.38 1514.84 1514.54 1513.51 1512.73 1512.23 1511.98 1510.99 1510.27 1509.83 1508.63 1507.65 1506.91 1506.41 1505.13 1505.03 1504.15 1503.49 1502.07 1501.84 1500.77 1499.90 1499.20 1498.65 1497.29 1497.09 1496.06 1495.19 1494.46 1492.89 1492.56 1491.44 1490.48 1489.70 1489.09 1488.64 1487.37 1487.21 1486.17 1485.26 1484.47 1482.79 1482.26 1481.91 1480.75 1479.78 1478.96 1478.27 1477.73 1476.33 1476.02 1474.78 1473.62 1472.58 1471.63 1470.75 1469.92 1469.26 1468.65 1467.13 1466.67 1465.31 1465.07 1463.98 1463.01 1462.31 1461.86 1460.49
-1218.17 145612 100.00 110.00 120.00 130.00 140.00 149.99 160.00 169.99 179.99 189.98 200.00 209.98 219.98 229.98 239.98 249.96 259.97 269.96 279.96 289.97 299.95 309.95 319.94 329.95 339.94 349.94 359.94 369.93 379.94 389.94 399.93 409.92 419.92 429.92 439.91 449.92 459.88 469.90 479.88 489.88 499.87 509.89 519.85 529.88 539.85 549.84 559.82 569.83 579.82 589.83 599.83 609.81 619.78 629.77 639.79 649.79 659.77 669.77 679.76 689.72 699.71 709.72 719.72 729.69 739.69 749.66 759.66 769.63 779.62 789.64 799.58 809.60 819.58 829.54 839.53 849.54 859.52 869.52 879.49 889.49 899.45 909.43 919.44 929.42 939.36 949.38 959.37 969.33 979.31 989.31 999.27 1009.25 1019.26 1029.23 1039.22 1049.18 1059.16 1069.16 1079.13 1089.11 1099.05 1109.08 1119.07 1129.02 1138.99 1148.98 1158.93 1168.91 1178.90 1188.92 1198.89 1208.82 1218.84 1228.81 1238.80 1248.75 1258.72 1268.71 1278.72 1288.67 1298.64 1308.64 1318.58 1328.55 1338.54 1348.48 1358.52 1368.43 1378.44 1388.39 1398.36 1408.35 1418.36 1428.31 1438.29 1448.28 1458.22 1468.17 1478.15 1488.14 1498.07 1508.09 1518.05 1528.03 1537.95 1547.96 1557.91 1567.87 1577.85 1587.84 1597.76 1607.78 1617.73 1627.69 1637.66 1647.57 1657.57 1667.51 1677.47 1687.44 1697.42 1707.42 1717.35 1727.37 1737.32 1747.28 1757.25 1767.14 1777.13 1787.13 1797.07 1807.03 1816.99 1826.97 1836.96 1846.88 1856.89 1866.82 1876.75 1886.70 1896.65 1906.62 1916.58 1926.56 1936.55 1946.45 1956.45 1966.37 1976.39 1986.33 1996.28 2006.26 2016.26 2026.17
-625.04 145612 1572.77 1572.53 1573.15 1572.56 1572.72 1572.66 1572.39 1571.86 1571.04 1570.97 1570.69 1571.16 1570.40 1570.38 1570.09 1569.54 1569.67 1569.47 1568.97 1568.19 1568.12 1567.77 1568.19 1567.34 1567.18 1566.72 1566.95 1565.85 1566.37 1565.51 1565.26 1564.67 1564.73 1564.40 1563.71 1563.61 1563.14 1562.27 1561.98 1562.25 1561.11 1560.49 1560.38 1559.77 1559.62 1558.96 1558.78 1558.08 1557.86 1557.12 1555.90 1556.19 1555.01 1555.33 1554.10 1553.31 1552.93 1552.98 1552.41 1551.25 1550.56 1550.26 1549.37 1548.85 1548.68 1547.83 1547.31 1546.11 1546.19 1545.56 1544.25 1544.24 1543.55 1542.17 1542.09 1541.29 1539.78 1539.51 1538.48 1537.69 1537.12 1536.78 1535.65 1534.75 1534.05 1533.56 1532.29 1532.25 1531.41 1529.76 1529.27 1528.94 1527.80 1526.82 1526.00 1525.30 1524.82 1523.53 1522.37 1522.36 1521.48 1519.72 1519.10 1518.64 1517.34 1517.17 1516.17 1515.34 1514.66 1513.12 1512.73 1511.46 1510.30 1510.23 1509.25 1508.35 1507.53 1505.80 1505.10 1504.45 1503.84 1502.30 1501.91 1500.58 1499.31 1499.10 1497.96 1496.88 1495.81 1494.77 1493.73 1492.70 1491.68 1490.66 1489.64 1488.65 1487.64 1486.62 1485.62 1484.62 1483.58 1483.50 1482.34 1481.14 1479.99 1478.82 1477.57 1477.26 1475.89 1474.49 1474.04 1472.50 1471.86 1470.10 1469.28 1468.40 1467.43 1466.36 1465.20 1463.97 1462.69 1461.44 1461.04 1459.53 1458.87 1457.12 1456.28 1455.29 1454.16 1452.95 1451.68 1450.32 1449.86 1448.26 1447.52 1446.65 1445.62 1444.38 1443.09 1441.65 1441.07 1439.35 1438.43 1437.29 1435.97 1434.50 1433.81 1431.94 1430.88 1429.65 1429.21 1427.69 1427.04 1425.04
-1241.40 145612 100.00 110.00 120.01 130.00 140.00 150.01 160.00 169.99 179.97 189.98 199.97 209.99 219.97 229.97 239.97 249.96 259.97 269.96 279.95 289.93 299.94 309.93 319.94 329.93 339.93 349.92 359.93 369.90 379.92 389.90 399.89 409.88 419.89 429.88 439.86 449.87 459.86 469.83 479.83 489.85 499.81 509.79 519.79 529.78 539.78 549.76 559.76 569.74 579.74 589.72 599.67 609.70 619.65 629.68 639.63 649.60 659.60 669.62 679.60 689.55 699.53 709.52 719.49 729.48 739.49 749.45 759.44 769.38 779.41 789.39 799.32 809.35 819.32 829.25 839.27 849.24 859.16 869.16 879.11 889.08 899.07 909.07 919.02 928.98 938.95 948.94 958.88 968.90 978.87 988.77 998.76 1008.77 1018.71 1028.66 1038.63 1048.60 1058.60 1068.52 1078.46 1088.50 1098.46 1108.34 1118.33 1128.32 1138.25 1148.27 1158.22 1168.19 1178.17 1188.07 1198.08 1208.00 1217.94 1227.97 1237.93 1247.88 1257.85 1267.73 1277.71 1287.70 1297.68 1307.58 1317.59 1327.51 1337.43 1347.46 1357.39 1367.34 1377.28 1387.22 1397.17 1407.12 1417.07 1427.01 1436.96 1446.91 1456.86 1466.81 1476.76 1486.71 1496.65 1506.70 1516.63 1526.56 1536.50 1546.43 1556.35 1566.37 1576.29 1586.19 1596.20 1606.09 1616.08 1625.95 1635.92 1645.88 1655.84 1665.78 1675.71 1685.64 1695.56 1705.48 1715.50 1725.39 1735.38 1745.25 1755.22 1765.17 1775.10 1785.03 1794.95 1804.86 1814.87 1824.76 1834.74 1844.70 1854.65 1864.57 1874.49 1884.39 1894.39 1904.26 1914.22 1924.15 1934.07 1943.96 1953.95 1963.80 1973.74 1983.67 1993.68 2003.58 2013.57 2023.40
-584.35 145613 1573.23 1573.46 1573.55 1573.50 1573.23 1572.70 1572.90 1571.81 1572.46 1571.84 1571.96 1570.80 1571.37 1570.68 1570.69 1570.33 1569.57 1569.42 1568.92 1569.08 1567.90 1568.34 1567.44 1567.19 1566.56 1566.56 1566.18 1565.40 1565.19 1564.51 1564.37 1563.77 1563.68 1563.10 1561.99 1562.39 1561.28 1560.69 1560.58 1559.94 1559.76 1559.03 1558.70 1557.74 1557.13 1556.86 1555.92 1555.33 1554.07 1554.21 1553.72 1552.61 1551.85 1551.40 1550.24 1550.36 1548.73 1548.34 1547.16 1547.20 1546.48 1545.01 1544.73 1543.64 1542.72 1541.95 1541.30 1540.78 1539.39 1539.11 1537.95 1536.87 1535.89 1535.01 1534.19 1533.45 1532.74 1531.04 1530.47 1529.93 1528.39 1527.83 1526.26 1525.67 1524.10 1523.51 1522.88 1521.23 1520.52 1519.77 1518.02 1517.19 1516.31 1515.40 1514.41 1513.35 1512.21 1510.96 1509.66 1509.23 1507.69 1507.00 1505.24 1504.35 1503.34 1502.21 1500.99 1499.67 1499.21 1497.61 1496.86 1494.99 1493.96 1492.84 1491.53 1491.01 1489.35 1488.50 1487.46 1486.19 1484.74 1484.09 1482.28 1481.21 1479.90 1478.36 1477.59 1476.61 1475.50 1474.08 1472.39 1471.43 1470.20 1468.70 1467.90 1465.83 1465.47 1463.88 1462.02 1460.97 1459.61 1458.91 1456.90 1455.52 1454.76 1453.67 1452.24 1450.47 1449.33 1447.82 1446.95 1444.75 1444.24 1442.34 1441.04 1439.38 1438.34 1436.91 1436.07 1433.90 1433.35 1431.49 1430.33 1428.74 1427.68 1426.23 1424.36 1423.02 1421.29 1420.15 1418.64 1417.73 1416.56 1415.00 1413.04 1411.63 1410.74 1409.37 1407.56 1406.31 1404.63 1403.41 1401.86 1400.78 1399.20 1397.15 1395.57 1394.49 1392.96 1391.97 1390.48 1388.37 1386.73 1385.35
-1273.25 145613 100.00 110.00 120.00 130.00 140.00 149.99 160.00 169.97 180.00 189.98 199.99 209.96 219.98 229.97 239.97 249.96 259.94 269.94 279.93 289.94 299.91 309.93 319.90 329.90 339.89 349.89 359.89 369.86 379.86 389.84 399.85 409.83 419.84 429.82 439.78 449.81 459.77 469.75 479.76 489.74 499.74 509.72 519.71 529.67 539.66 549.66 559.62 569.60 579.54 589.57 599.56 609.51 619.48 629.47 639.42 649.45 659.36 669.36 679.30 689.33 699.30 709.22 719.23 729.17 739.13 749.10 759.08 769.08 778.99 789.01 798.94 808.89 818.84 828.80 838.77 848.74 858.72 868.60 878.59 888.59 898.48 908.48 918.37 928.36 938.25 948.25 958.23 968.12 978.10 988.07 997.94 1007.91 1017.87 1027.83 1037.79 1047.73 1057.66 1067.59 1077.50 1087.52 1097.41 1107.39 1117.26 1127.22 1137.17 1147.11 1157.03 1166.95 1176.96 1186.84 1196.82 1206.67 1216.62 1226.56 1236.47 1246.48 1256.35 1266.32 1276.27 1286.19 1296.09 1306.08 1315.93 1325.88 1335.79 1345.68 1355.66 1365.61 1375.55 1385.45 1395.32 1405.28 1415.20 1425.09 1435.07 1444.89 1454.92 1464.80 1474.64 1484.59 1494.50 1504.49 1514.31 1524.22 1534.20 1544.15 1554.05 1563.90 1573.83 1583.72 1593.70 1603.49 1613.51 1623.34 1633.26 1643.12 1653.08 1662.97 1672.95 1682.75 1692.77 1702.60 1712.54 1722.41 1732.36 1742.26 1752.09 1762.00 1771.86 1781.79 1791.68 1801.65 1811.58 1821.46 1831.28 1841.18 1851.16 1861.07 1870.91 1880.83 1890.69 1900.62 1910.50 1920.45 1930.33 1940.13 1950.00 1959.95 1969.83 1979.79 1989.68 1999.48 2009.34 2019.25
-555.70 145614 1572.48 1572.95 1572.30 1572.43 1572.29 1571.83 1571.11 1571.11 1570.82 1571.25 1570.40 1570.24 1569.78 1570.01 1568.89 1569.35 1568.41 1568.05 1567.31 1567.22 1566.73 1566.85 1566.62 1565.95 1565.86 1565.34 1564.38 1563.98 1564.07 1562.65 1562.71 1562.26 1561.28 1560.73 1560.59 1559.91 1559.68 1558.88 1558.48 1557.45 1556.80 1556.53 1555.61 1555.00 1554.71 1553.69 1552.96 1552.49 1551.30 1551.37 1549.73 1549.36 1548.25 1548.35 1546.65 1546.12 1545.71 1544.44 1543.31 1543.29 1542.42 1541.68 1540.03 1539.46 1538.94 1537.48 1537.06 1535.69 1534.27 1533.82 1532.35 1531.98 1530.48 1529.99 1528.41 1527.74 1526.03 1525.21 1524.28 1523.20 1521.97 1520.62 1520.09 1518.40 1517.49 1516.40 1515.16 1513.75 1512.25 1511.54 1510.61 1509.48 1508.15 1506.59 1505.79 1503.74 1503.36 1501.75 1500.86 1498.69 1498.31 1496.54 1495.62 1494.44 1492.95 1491.14 1490.03 1488.61 1487.83 1486.71 1485.29 1483.55 1482.48 1481.17 1479.49 1478.41 1476.95 1475.10 1473.79 1473.05 1470.94 1470.40 1468.46 1467.19 1465.50 1464.36 1462.80 1461.74 1460.20 1458.21 1456.73 1455.74 1454.24 1452.43 1451.15 1449.35 1448.00 1447.12 1444.74 1443.78 1442.25 1440.12 1439.51 1437.40 1435.72 1434.45 1432.65 1431.27 1429.31 1427.91 1426.88 1425.25 1423.02 1422.10 1420.56 1418.42 1416.64 1415.37 1413.48 1411.97 1410.81 1409.08 1407.71 1405.73 1404.05 1402.84 1401.00 1399.46 1397.28 1395.41 1393.87 1392.67 1390.83 1389.45 1387.39 1385.62 1384.11 1382.86 1380.92 1379.26 1377.10 1376.17 1374.53 1372.20 1371.11 1369.31 1366.81 1365.69 1363.89 1362.41 1360.27 1358.38 1356.76 1355.70
-1305.59 145614 100.00 110.00 119.99 130.00 140.00 149.99 159.97 169.98 179.97 189.99 199.97 209.97 219.96 229.97 239.94 249.96 259.93 269.93 279.91 289.91 299.90 309.91 319.91 329.89 339.89 349.88 359.85 369.84 379.86 389.80 399.81 409.80 419.77 429.75 439.76 449.74 459.74 469.71 479.70 489.66 499.64 509.64 519.60 529.58 539.59 549.54 559.51 569.51 579.44 589.48 599.38 609.38 619.33 629.37 639.26 649.25 659.26 669.18 679.12 689.16 699.12 709.09 718.99 728.98 738.97 748.88 758.88 768.80 778.71 788.71 798.61 808.63 818.53 828.53 838.42 848.40 858.28 868.25 878.20 888.15 898.07 907.98 917.99 927.86 937.82 947.76 957.68 967.59 977.48 987.46 997.43 1007.36 1017.27 1027.16 1037.13 1046.95 1056.99 1066.86 1076.83 1086.63 1096.67 1106.52 1116.49 1126.42 1136.31 1146.16 1156.10 1165.99 1175.98 1185.92 1195.82 1205.67 1215.62 1225.54 1235.40 1245.34 1255.24 1265.07 1274.99 1284.98 1294.79 1304.81 1314.63 1324.55 1334.41 1344.35 1354.23 1364.18 1374.06 1383.88 1393.77 1403.73 1413.62 1423.46 1433.38 1443.22 1453.13 1463.11 1472.86 1482.83 1492.72 1502.50 1512.53 1522.32 1532.18 1542.10 1551.94 1561.85 1571.66 1581.57 1591.53 1601.40 1611.16 1621.15 1631.03 1640.81 1650.65 1660.58 1670.40 1680.29 1690.23 1700.08 1709.99 1719.80 1729.66 1739.59 1749.42 1759.31 1769.08 1778.91 1788.79 1798.72 1808.55 1818.46 1828.26 1838.10 1847.99 1857.92 1867.73 1877.59 1887.37 1897.36 1907.22 1916.97 1926.93 1936.76 1946.48 1956.43 1966.27 1976.16 1985.94 1995.76 2005.63 2015.59
-520.48 145614 1573.25 1573.46 1573.45 1573.18 1572.62 1572.76 1572.62 1572.18 1571.45 1571.39 1570.96 1570.14 1569.96 1569.40 1569.45 1569.10 1568.30 1568.04 1567.35 1567.20 1566.59 1566.51 1565.99 1566.00 1565.56 1564.63 1564.20 1563.22 1562.68 1562.54 1561.82 1561.50 1560.58 1560.02 1559.81 1558.98 1558.51 1557.39 1556.58 1556.14 1555.94 1555.02 1554.34 1552.88 1552.58 1551.43 1550.42 1549.55 1548.83 1548.26 1547.81 1546.47 1545.24 1545.11 1544.04 1543.02 1541.97 1540.89 1539.79 1538.69 1537.57 1537.43 1536.25 1535.00 1533.65 1532.30 1531.80 1530.11 1529.18 1528.04 1526.69 1526.15 1524.43 1523.47 1522.25 1520.80 1519.12 1518.16 1517.01 1515.54 1514.74 1513.62 1512.17 1510.36 1509.15 1507.62 1506.70 1505.38 1503.65 1502.63 1501.24 1499.42 1498.14 1496.42 1495.25 1493.62 1492.48 1490.83 1489.66 1488.16 1486.17 1484.66 1483.63 1482.11 1480.10 1478.51 1477.37 1475.69 1474.58 1472.92 1471.67 1469.81 1468.37 1466.34 1464.65 1463.50 1461.75 1460.34 1458.27 1456.50 1455.03 1453.91 1452.13 1450.80 1448.83 1447.17 1445.84 1443.82 1442.06 1440.55 1438.33 1436.53 1434.97 1433.63 1431.54 1429.68 1428.05 1426.84 1424.81 1422.93 1421.24 1419.75 1417.44 1415.48 1413.65 1412.00 1410.52 1408.20 1406.96 1404.85 1403.07 1401.37 1399.77 1397.29 1395.87 1393.77 1391.78 1389.89 1388.07 1386.35 1384.71 1382.39 1381.09 1378.86 1376.67 1374.53 1372.60 1370.72 1368.88 1367.12 1365.45 1362.92 1361.62 1359.37 1358.13 1355.96 1353.80 1351.80 1349.79 1347.78 1345.83 1343.89 1342.14 1340.37 1338.61 1335.87 1334.07 1332.45 1330.84 1328.32 1326.75 1324.39 1323.27 1321.48
-1327.55 145614 100.00 110.00 120.00 130.00 139.99 150.00 160.00 169.99 179.97 189.97 199.96 209.94 219.94 229.93 239.94 249.93 259.91 269.90 279.88 289.89 299.87 309.87 319.86 329.87 339.86 349.83 359.82 369.78 379.77 389.78 399.75 409.75 419.71 429.70 439.70 449.67 459.66 469.61 479.58 489.57 499.58 509.54 519.52 529.43 539.44 549.38 559.33 569.29 579.27 589.26 599.26 609.18 619.11 629.14 639.08 649.03 658.97 668.91 678.85 688.79 698.73 708.77 718.70 728.62 738.54 748.45 758.46 768.33 778.29 788.22 798.13 808.14 818.00 827.96 837.89 847.78 857.65 867.61 877.54 887.44 897.42 907.36 917.25 927.10 937.02 946.91 956.88 966.79 976.64 986.60 996.50 1006.34 1016.26 1026.12 1036.05 1045.92 1055.86 1065.72 1075.66 1085.55 1095.36 1105.25 1115.20 1125.09 1134.90 1144.77 1154.71 1164.57 1174.52 1184.38 1194.31 1204.14 1214.03 1223.84 1233.69 1243.64 1253.48 1263.39 1273.18 1283.02 1292.91 1302.87 1312.71 1322.62 1332.43 1342.29 1352.21 1362.01 1371.86 1381.74 1391.51 1401.34 1411.22 1421.14 1430.93 1440.75 1450.62 1460.56 1470.36 1480.18 1490.03 1499.93 1509.67 1519.48 1529.31 1539.17 1549.07 1558.81 1568.75 1578.53 1588.37 1598.22 1608.10 1617.81 1627.72 1637.50 1647.30 1657.12 1666.95 1676.80 1686.67 1696.41 1706.34 1716.10 1725.86 1735.63 1745.44 1755.26 1765.09 1774.94 1784.80 1794.49 1804.43 1814.18 1824.13 1833.89 1843.66 1853.46 1863.25 1873.05 1882.85 1892.67 1902.51 1912.36 1922.20 1931.85 1941.69 1951.56 1961.44 1971.13 1981.02 1990.75 2000.71 2010.55
-493.11 145615 1573.45 1573.87 1573.12 1573.07 1572.75 1573.12 1572.21 1572.00 1571.48 1571.65 1571.50 1570.99 1570.12 1569.89 1570.28 1569.24 1568.75 1568.78 1568.32 1567.40 1566.97 1567.05 1566.65 1565.81 1565.44 1564.58 1564.18 1563.24 1562.73 1562.61 1561.84 1561.44 1560.38 1559.62 1559.19 1559.06 1558.23 1557.71 1556.46 1555.52 1554.76 1554.20 1553.82 1552.59 1551.48 1550.45 1550.48 1548.62 1547.87 1547.16 1546.50 1545.85 1544.24 1543.64 1542.05 1541.40 1540.60 1539.72 1537.80 1536.82 1535.85 1534.77 1533.57 1533.22 1531.71 1530.97 1528.96 1527.67 1527.09 1525.22 1524.05 1522.54 1521.70 1520.54 1519.03 1517.29 1516.13 1514.56 1513.57 1512.18 1510.34 1509.03 1507.25 1505.98 1505.41 1503.39 1501.83 1500.76 1499.17 1497.07 1496.39 1494.15 1492.31 1491.02 1490.10 1488.59 1486.46 1484.70 1483.29 1481.24 1479.68 1478.46 1476.60 1475.05 1473.79 1471.87 1470.24 1468.87 1466.97 1465.30 1462.91 1461.71 1459.77 1458.02 1456.62 1454.43 1452.44 1450.62 1448.95 1447.40 1445.03 1443.97 1442.09 1440.31 1438.64 1436.15 1434.94 1432.88 1430.91 1428.99 1427.14 1425.36 1423.80 1421.33 1419.87 1417.44 1415.98 1413.56 1411.30 1409.97 1407.69 1405.38 1404.18 1401.99 1399.73 1397.42 1396.01 1393.55 1392.16 1389.75 1387.25 1385.60 1384.05 1381.40 1379.60 1377.68 1374.69 1372.72 1370.61 1369.32 1366.94 1364.60 1363.04 1360.32 1358.35 1356.19 1354.10 1351.82 1349.36 1347.74 1345.24 1343.56 1341.74 1338.77 1336.76 1334.58 1333.15 1330.51 1328.61 1326.71 1324.61 1322.27 1319.67 1317.98 1315.09 1312.92 1310.50 1308.98 1306.26 1304.26 1302.04 1299.77 1297.91 1295.11
-1362.86 145615 100.00 110.00 119.99 129.99 139.99 150.00 159.98 169.98 179.97 189.98 199.98 209.96 219.94 229.94 239.96 249.93 259.91 269.93 279.92 289.88 299.87 309.89 319.88 329.85 339.85 349.82 359.81 369.77 379.76 389.77 399.74 409.74 419.69 429.66 439.65 449.67 459.63 469.62 479.56 489.52 499.49 509.47 519.48 529.41 539.35 549.30 559.34 569.21 579.19 589.16 599.14 609.13 619.02 629.01 638.90 648.88 658.86 668.82 678.67 688.62 698.58 708.52 718.45 728.47 738.36 748.34 758.17 768.09 778.09 787.94 797.87 807.76 817.73 827.67 837.55 847.41 857.34 867.22 877.18 887.08 896.92 906.83 916.68 926.60 936.63 946.43 956.31 966.26 976.14 985.93 995.95 1005.72 1015.55 1025.47 1035.45 1045.34 1055.12 1064.97 1074.87 1084.67 1094.55 1104.48 1114.31 1124.19 1134.12 1143.93 1153.80 1163.71 1173.53 1183.39 1193.12 1203.07 1212.88 1222.72 1232.63 1242.40 1252.20 1262.03 1271.90 1281.78 1291.51 1301.48 1311.30 1321.15 1331.01 1340.71 1350.66 1360.45 1370.25 1380.07 1389.90 1399.74 1409.62 1419.33 1429.23 1438.95 1448.85 1458.56 1468.31 1478.24 1487.98 1497.72 1507.68 1517.44 1527.18 1536.92 1546.84 1556.54 1566.46 1576.18 1585.87 1595.74 1605.64 1615.30 1625.14 1634.95 1644.54 1654.35 1664.12 1674.07 1683.79 1693.51 1703.41 1713.05 1722.85 1732.62 1742.40 1752.14 1761.84 1771.71 1781.41 1791.27 1801.11 1810.70 1820.49 1830.25 1840.18 1849.84 1859.66 1869.48 1879.26 1888.98 1898.65 1908.52 1918.12 1927.88 1937.58 1947.49 1957.13 1966.93 1976.68 1986.42 1996.26 2005.86
-415.89 145616 1573.04 1573.06 1572.88 1572.43 1572.66 1572.52 1572.03 1571.17 1570.92 1571.27 1570.21 1569.73 1569.79 1569.39 1568.50 1568.02 1567.98 1567.35 1566.16 1565.37 1564.99 1564.97 1564.32 1563.03 1563.07 1562.43 1561.11 1561.05 1560.23 1559.61 1558.18 1557.99 1556.97 1556.07 1555.27 1554.60 1553.04 1552.55 1551.13 1550.73 1549.30 1548.79 1547.24 1546.61 1545.84 1543.93 1542.80 1541.51 1541.03 1539.35 1538.55 1537.54 1536.29 1534.79 1533.95 1531.78 1531.17 1529.19 1527.73 1526.81 1525.46 1523.67 1522.54 1520.89 1519.69 1517.91 1516.51 1514.48 1512.77 1511.52 1509.63 1508.03 1506.69 1504.64 1502.80 1501.14 1499.70 1497.63 1495.72 1493.95 1492.30 1490.78 1488.41 1487.27 1485.23 1483.22 1481.27 1479.36 1477.65 1474.97 1473.20 1471.38 1469.53 1467.85 1465.12 1463.24 1461.23 1459.09 1457.02 1454.83 1452.44 1450.87 1448.21 1446.56 1444.74 1441.77 1439.78 1437.59 1436.14 1433.46 1431.50 1429.46 1427.13 1424.48 1422.44 1420.31 1417.83 1415.94 1412.71 1411.21 1408.36 1406.07 1403.61 1401.67 1399.32 1396.54 1394.52 1392.04 1389.11 1386.85 1385.04 1381.82 1380.20 1377.14 1374.53 1372.60 1370.14 1367.15 1364.54 1362.54 1359.97 1357.74 1355.16 1351.99 1350.10 1347.84 1344.96 1342.41 1339.45 1336.75 1334.32 1331.47 1328.88 1326.55 1323.80 1321.30 1318.15 1316.43 1313.11 1311.22 1307.67 1305.29 1302.46 1299.81 1297.28 1295.16 1292.30 1288.70 1286.47 1283.50 1281.03 1278.77 1275.81 1273.30 1270.04 1268.13 1265.45 1261.96 1259.77 1256.81 1253.94 1251.44 1248.09 1246.03 1243.14 1240.37 1237.05 1234.81 1231.81 1229.21 1226.77 1223.61 1220.25 1217.89
-1401.61 145616 100.00 110.00 120.00 129.99 140.00 150.00 159.99 169.97 179.96 189.98 199.95 209.94 219.95 229.94 239.91 249.90 259.91 269.89 279.84 289.81 299.81 309.82 319.80 329.74 339.76 349.74 359.68 369.70 379.66 389.65 399.56 409.58 419.53 429.49 439.46 449.44 459.34 469.34 479.25 489.25 499.16 509.16 519.05 529.04 539.02 548.87 558.80 568.72 578.73 588.60 598.58 608.53 618.45 628.34 638.32 648.11 658.12 667.94 677.84 687.81 697.72 707.56 717.50 727.37 737.30 747.14 757.04 766.85 776.70 786.63 796.45 806.32 816.24 826.03 835.86 845.72 855.63 865.41 875.23 885.07 894.94 904.83 914.55 924.52 934.31 944.11 953.91 963.73 973.58 983.25 993.09 1002.92 1012.75 1022.62 1032.26 1042.09 1051.88 1061.65 1071.44 1081.19 1090.91 1100.80 1110.46 1120.33 1130.17 1139.75 1149.55 1159.31 1169.23 1178.88 1188.69 1198.48 1208.21 1217.86 1227.65 1237.42 1247.11 1256.94 1266.45 1276.38 1285.98 1295.71 1305.40 1315.22 1324.94 1334.56 1344.36 1354.05 1363.62 1373.36 1383.22 1392.72 1402.63 1412.17 1421.82 1431.65 1441.34 1450.90 1460.55 1470.37 1480.03 1489.78 1499.45 1508.95 1518.80 1528.54 1538.12 1547.79 1557.35 1566.98 1576.68 1586.27 1595.93 1605.66 1615.28 1624.96 1634.46 1644.36 1653.82 1663.67 1673.07 1682.78 1692.38 1702.02 1711.70 1721.49 1731.07 1740.45 1750.21 1759.76 1769.45 1779.20 1788.76 1798.44 1807.91 1817.77 1827.40 1836.80 1846.58 1856.13 1865.71 1875.40 1884.84 1894.65 1904.23 1913.84 1923.29 1933.05 1942.59 1952.25 1961.95 1971.44 1980.87 1990.61
-403.39 145617 1572.92 1572.82 1572.51 1572.88 1571.90 1571.51 1571.71 1571.53 1570.97 1570.00 1569.63 1569.81 1569.52 1568.75 1568.42 1567.51 1567.00 1566.90 1566.22 1564.98 1565.14 1564.67 1563.55 1562.79 1562.34 1561.20 1561.32 1559.67 1559.20 1558.91 1557.75 1556.80 1555.97 1555.22 1554.55 1552.97 1552.45 1551.98 1550.57 1549.12 1548.61 1547.04 1546.37 1545.54 1544.51 1543.31 1541.90 1540.30 1539.41 1538.36 1537.05 1535.49 1534.64 1533.47 1531.95 1530.01 1528.61 1527.79 1526.49 1524.74 1523.62 1521.99 1520.80 1519.07 1517.70 1515.69 1514.00 1512.59 1510.62 1508.93 1507.44 1505.19 1504.10 1502.25 1500.54 1498.16 1496.88 1494.75 1492.74 1490.77 1488.99 1487.26 1485.55 1482.90 1481.19 1479.64 1477.11 1475.53 1473.87 1471.15 1469.51 1467.76 1464.95 1462.96 1460.82 1458.69 1457.32 1454.78 1452.01 1450.16 1448.08 1445.76 1444.12 1441.30 1439.36 1437.13 1434.62 1433.01 1430.12 1427.84 1425.24 1423.42 1421.21 1418.59 1416.44 1414.08 1411.32 1409.05 1406.52 1404.47 1401.97 1399.94 1397.68 1394.92 1392.55 1389.92 1387.73 1385.00 1382.89 1380.23 1376.99 1375.29 1372.09 1370.15 1366.64 1364.63 1361.98 1359.85 1357.08 1354.55 1351.58 1348.84 1346.34 1343.42 1340.75 1338.29 1335.36 1332.66 1330.44 1327.48 1324.63 1322.20 1319.92 1316.87 1314.24 1311.74 1308.44 1305.52 1302.76 1300.37 1297.16 1295.26 1292.54 1288.96 1286.65 1283.49 1280.39 1277.66 1275.00 1272.73 1269.65 1266.70 1264.13 1261.63 1258.53 1255.50 1252.45 1249.69 1246.95 1244.53 1241.23 1239.12 1236.05 1232.96 1230.13 1227.29 1224.72 1221.24 1218.73 1215.63 1212.54 1209.81 1207.10 1204.39
-1411.58 145617 100.00 110.00 119.99 130.01 139.98 149.97 159.99 169.99 179.97 189.94 199.94 209.95 219.95 229.93 239.92 249.89 259.87 269.88 279.86 289.81 299.83 309.82 319.77 329.74 339.74 349.68 359.72 369.62 379.61 389.62 399.56 409.52 419.48 429.46 439.44 449.33 459.33 469.33 479.24 489.14 499.14 509.03 519.02 528.99 538.94 548.86 558.77 568.65 578.61 588.56 598.47 608.36 618.33 628.26 638.15 647.97 657.88 667.86 677.78 687.63 697.57 707.44 717.37 727.22 737.13 746.93 756.79 766.69 776.50 786.36 796.25 806.01 815.97 825.80 835.65 845.38 855.31 865.09 874.88 884.69 894.53 904.38 914.24 923.91 933.76 943.65 953.34 963.23 973.09 982.74 992.62 1002.46 1012.09 1021.89 1031.66 1041.43 1051.37 1061.05 1070.68 1080.51 1090.29 1100.02 1109.90 1119.52 1129.33 1139.08 1148.76 1158.65 1168.25 1177.99 1187.65 1197.49 1207.25 1216.90 1226.67 1236.39 1246.01 1255.75 1265.42 1275.22 1284.90 1294.70 1304.44 1314.06 1323.78 1333.42 1343.19 1352.81 1362.59 1372.23 1381.73 1391.62 1401.11 1410.94 1420.36 1430.17 1439.82 1449.60 1459.21 1468.88 1478.44 1488.05 1497.74 1507.31 1516.94 1526.64 1536.20 1545.83 1555.59 1565.15 1574.74 1584.44 1594.19 1603.72 1613.37 1623.05 1632.51 1642.08 1651.69 1661.41 1670.89 1680.75 1690.37 1699.75 1709.49 1718.98 1728.50 1738.12 1747.76 1757.51 1767.03 1776.59 1786.25 1795.94 1805.45 1814.98 1824.51 1834.12 1843.74 1853.45 1862.90 1872.71 1882.23 1891.74 1901.33 1910.92 1920.59 1929.99 1939.67 1949.19 1958.70 1968.32 1977.95 1987.58
-388.93 145617 1572.98 1572.91 1572.61 1573.05 1572.17 1571.89 1572.24 1571.19 1570.73 1570.88 1570.59 1569.83 1569.58 1568.85 1568.57 1567.67 1567.17 1566.05 1566.32 1564.98 1565.00 1564.35 1563.05 1563.08 1562.42 1561.06 1560.97 1560.10 1559.42 1557.92 1557.59 1556.36 1556.20 1555.09 1554.03 1553.02 1552.03 1551.05 1550.10 1549.11 1548.04 1546.87 1545.54 1545.01 1543.28 1542.29 1541.03 1539.53 1538.83 1536.87 1535.62 1535.06 1533.19 1531.95 1530.33 1529.26 1527.74 1526.68 1525.07 1524.07 1522.54 1520.44 1518.72 1517.37 1515.37 1513.66 1512.36 1510.33 1508.48 1506.81 1505.30 1503.95 1501.78 1499.92 1498.14 1496.44 1493.87 1492.30 1490.91 1488.58 1486.21 1484.74 1482.26 1480.82 1478.32 1476.67 1473.97 1472.08 1470.27 1468.33 1466.22 1463.91 1461.41 1459.85 1457.10 1455.04 1452.71 1451.24 1448.52 1446.47 1444.06 1441.54 1439.65 1437.42 1434.83 1433.04 1429.95 1427.41 1425.67 1423.51 1420.93 1418.85 1416.56 1413.76 1411.37 1408.71 1406.42 1403.57 1401.30 1398.44 1395.91 1393.99 1391.47 1388.34 1385.81 1383.58 1380.72 1378.40 1375.41 1372.68 1370.48 1367.60 1364.93 1362.77 1359.91 1357.27 1354.17 1352.19 1349.45 1346.22 1344.08 1341.41 1337.94 1335.79 1332.83 1330.02 1327.57 1324.30 1322.01 1319.13 1316.30 1313.76 1310.32 1307.80 1304.63 1301.47 1298.58 1295.68 1293.06 1290.46 1286.95 1284.63 1281.40 1279.32 1276.27 1273.16 1270.30 1267.43 1264.79 1261.22 1258.85 1255.54 1252.50 1249.38 1247.36 1244.38 1241.29 1238.35 1235.28 1232.40 1229.43 1226.35 1223.42 1220.34 1217.39 1214.31 1211.39 1208.30 1205.37 1202.36 1199.51 1196.59 1192.72 1189.93
-1422.96 145617 100.00 110.00 119.99 130.01 139.99 149.98 160.00 169.97 179.96 189.97 199.97 209.95 219.95 229.92 239.92 249.89 259.87 269.83 279.86 289.80 299.82 309.80 319.73 329.76 339.74 349.66 359.68 369.65 379.62 389.53 399.54 409.47 419.50 429.44 439.38 449.33 459.28 469.24 479.19 489.14 499.08 509.02 518.93 528.94 538.80 548.75 558.67 568.56 578.56 588.39 598.31 608.32 618.16 628.08 637.95 647.90 657.78 667.74 677.61 687.57 697.46 707.25 717.10 727.01 736.82 746.67 756.59 766.39 776.22 786.08 795.97 805.89 815.65 825.48 835.32 845.18 854.87 864.75 874.67 884.40 894.12 904.03 913.73 923.64 933.33 943.21 952.86 962.68 972.52 982.33 992.10 1001.83 1011.52 1021.42 1031.05 1040.84 1050.56 1060.49 1070.12 1079.91 1089.62 1099.30 1109.13 1118.87 1128.54 1138.39 1147.93 1157.61 1167.47 1177.24 1186.90 1196.69 1206.43 1216.03 1225.75 1235.39 1245.12 1254.71 1264.46 1274.04 1283.72 1293.55 1303.23 1312.75 1322.42 1332.18 1341.76 1351.49 1361.05 1370.67 1380.43 1390.01 1399.65 1409.43 1419.01 1428.65 1438.17 1448.00 1457.62 1467.10 1476.89 1486.52 1495.93 1505.72 1515.27 1524.87 1534.57 1544.03 1553.78 1563.36 1572.95 1582.63 1592.04 1601.72 1611.21 1620.70 1630.28 1639.85 1649.50 1659.16 1668.55 1678.29 1687.76 1697.58 1707.11 1716.61 1726.20 1735.77 1745.43 1754.79 1764.52 1773.97 1783.50 1793.00 1802.84 1812.38 1821.89 1831.45 1840.97 1850.55 1860.10 1869.61 1879.17 1888.69 1898.24 1907.76 1917.32 1926.83 1936.39 1945.93 1955.52 1965.08 1974.35 1983.96
-317.07 145618 1572.97 1572.92 1572.67 1573.13 1572.25 1571.93 1572.20 1571.07 1570.50 1570.49 1570.03 1569.05 1568.53 1568.46 1567.78 1567.41 1566.35 1565.56 1565.04 1564.79 1563.79 1563.03 1562.48 1561.12 1560.91 1559.87 1559.04 1558.28 1557.55 1555.85 1555.12 1554.31 1553.41 1552.40 1551.29 1550.06 1548.65 1548.03 1546.22 1545.17 1543.82 1543.08 1541.00 1539.65 1538.89 1537.66 1535.97 1534.79 1533.12 1530.94 1530.15 1527.83 1527.04 1525.65 1523.62 1521.87 1520.37 1518.11 1516.98 1515.22 1513.56 1511.06 1509.57 1507.19 1505.97 1503.76 1501.53 1500.16 1497.73 1495.16 1493.59 1491.82 1488.89 1486.69 1485.38 1482.82 1479.95 1477.91 1475.48 1473.60 1471.28 1468.50 1466.45 1463.96 1461.91 1459.59 1456.79 1454.41 1451.73 1449.44 1446.56 1444.27 1441.38 1438.83 1436.82 1434.16 1431.73 1428.81 1426.09 1423.57 1420.55 1417.69 1415.24 1412.95 1409.85 1407.13 1404.53 1401.08 1398.86 1395.76 1392.95 1390.14 1387.29 1384.65 1381.01 1378.50 1375.91 1372.58 1369.12 1366.72 1363.26 1360.86 1357.38 1354.92 1351.35 1348.49 1345.75 1341.90 1339.04 1335.92 1332.85 1329.55 1327.14 1323.53 1320.79 1316.82 1313.68 1311.44 1307.93 1304.06 1301.03 1297.91 1294.39 1291.64 1288.45 1285.12 1281.36 1278.35 1274.88 1272.13 1268.01 1264.61 1261.89 1258.63 1255.18 1251.24 1247.99 1244.56 1241.47 1238.19 1234.39 1231.24 1227.85 1224.75 1221.37 1217.38 1214.01 1211.22 1206.96 1204.21 1200.01 1196.44 1193.50 1189.98 1187.07 1182.68 1179.73 1176.44 1172.49 1169.10 1165.41 1161.91 1158.89 1155.51 1151.44 1147.87 1144.82 1141.03 1137.75 1133.80 1130.39 1126.60 1123.24 1119.07
-1461.72 145618 100.00 110.00 120.00 130.01 139.99 149.98 160.00 169.96 179.95 189.96 199.95 209.91 219.90 229.91 239.89 249.88 259.83 269.80 279.79 289.80 299.75 309.72 319.71 329.63 339.65 349.60 359.56 369.54 379.51 389.39 399.37 409.34 419.30 429.25 439.19 449.11 459.02 469.01 478.87 488.81 498.72 508.71 518.52 528.43 538.42 548.35 558.21 568.14 578.00 587.79 597.78 607.54 617.54 627.45 637.25 647.09 656.98 666.74 676.70 686.54 696.40 706.10 716.00 725.73 735.68 745.43 755.19 765.11 774.82 784.50 794.39 804.24 813.83 823.59 833.54 843.22 852.82 862.61 872.31 882.14 891.87 901.48 911.28 920.96 930.76 940.49 950.09 959.81 969.44 979.18 988.76 998.50 1008.08 1017.75 1027.56 1037.20 1046.90 1056.47 1066.10 1075.78 1085.31 1094.90 1104.60 1114.34 1123.86 1133.48 1143.14 1152.55 1162.32 1171.83 1181.43 1191.02 1200.61 1210.26 1219.60 1229.29 1238.96 1248.40 1257.79 1267.52 1276.92 1286.64 1296.03 1305.74 1315.10 1324.69 1334.31 1343.57 1353.16 1362.66 1372.18 1381.62 1391.36 1400.69 1410.32 1419.53 1429.03 1438.83 1448.20 1457.45 1466.98 1476.48 1485.84 1495.47 1504.95 1514.38 1523.66 1533.20 1542.58 1552.21 1561.37 1570.77 1580.42 1589.87 1599.26 1608.47 1617.93 1627.32 1636.84 1646.28 1655.54 1665.04 1674.45 1683.96 1693.37 1702.56 1711.98 1721.61 1730.69 1740.33 1749.45 1758.79 1768.36 1777.72 1787.31 1796.34 1805.92 1815.36 1824.56 1833.97 1843.27 1852.63 1862.19 1871.60 1880.75 1890.09 1899.63 1908.89 1918.34 1927.54 1936.93 1946.19 1955.62 1964.72
-283.59 145619 1572.51 1572.99 1572.28 1572.25 1571.82 1571.96 1570.69 1570.98 1570.82 1570.18 1569.04 1569.38 1568.16 1567.34 1566.86 1566.68 1565.76 1565.11 1564.68 1563.52 1562.54 1561.75 1561.11 1560.64 1559.28 1559.11 1558.02 1556.98 1555.96 1554.89 1553.73 1552.47 1552.12 1550.67 1550.05 1548.26 1547.21 1545.94 1544.38 1543.49 1542.22 1540.67 1539.67 1538.22 1536.27 1534.74 1533.61 1531.92 1530.57 1528.60 1527.11 1525.92 1524.03 1522.39 1519.98 1518.70 1516.54 1514.62 1512.77 1510.92 1509.07 1507.19 1505.45 1503.61 1500.66 1498.49 1497.27 1494.84 1492.12 1490.02 1487.78 1486.16 1483.23 1480.83 1479.18 1476.15 1473.60 1471.71 1469.29 1466.33 1463.70 1461.67 1459.00 1456.62 1453.84 1451.31 1448.11 1446.33 1442.86 1440.76 1437.89 1435.12 1432.72 1429.53 1426.41 1423.62 1420.89 1418.44 1415.05 1412.82 1409.64 1406.38 1404.24 1401.11 1398.12 1395.00 1392.05 1388.96 1385.99 1382.85 1379.81 1376.55 1374.26 1370.79 1367.02 1364.15 1361.26 1358.04 1354.76 1351.98 1347.92 1344.68 1342.25 1338.51 1335.56 1332.19 1328.71 1325.67 1322.45 1318.71 1315.66 1312.39 1308.55 1305.32 1301.87 1298.72 1295.33 1291.37 1288.01 1284.37 1281.00 1278.17 1273.76 1270.74 1267.35 1263.27 1259.66 1256.54 1252.69 1249.32 1245.53 1241.84 1238.59 1234.88 1231.26 1227.18 1224.37 1219.88 1216.65 1212.97 1209.68 1205.59 1201.84 1198.43 1194.11 1190.98 1187.33 1182.80 1179.81 1175.97 1172.48 1168.10 1164.93 1161.19 1157.74 1153.38 1149.33 1146.42 1141.74 1138.22 1134.97 1131.13 1127.15 1123.40 1119.85 1115.69 1111.75 1107.70 1103.89 1100.35 1097.08 1092.92 1089.15 1085.59
-1491.41 145619 100.00 110.00 119.99 129.99 139.99 150.00 159.95 169.98 179.98 189.96 199.92 209.95 219.90 229.86 239.85 249.87 259.83 269.80 279.80 289.74 299.69 309.66 319.64 329.64 339.56 349.58 359.53 369.47 379.42 389.36 399.30 409.22 419.24 429.14 439.13 448.99 458.94 468.86 478.74 488.71 498.63 508.51 518.47 528.36 538.18 548.06 558.01 567.86 577.78 587.59 597.48 607.41 617.24 627.10 636.83 646.76 656.53 666.35 676.17 686.00 695.83 705.65 715.50 725.33 734.93 744.69 754.66 764.36 774.00 783.78 793.53 803.42 813.00 822.71 832.60 842.15 851.82 861.66 871.36 880.92 890.57 900.38 910.02 919.73 929.34 939.01 948.50 958.39 967.80 977.60 987.18 996.79 1006.50 1015.99 1025.50 1035.10 1044.72 1054.43 1063.85 1073.62 1083.11 1092.57 1102.37 1111.87 1121.41 1130.92 1140.47 1149.98 1159.53 1169.02 1178.55 1188.01 1197.78 1207.16 1216.45 1226.03 1235.61 1245.08 1254.53 1264.14 1273.32 1282.78 1292.52 1301.81 1311.37 1320.79 1330.16 1339.69 1349.16 1358.45 1367.98 1377.43 1386.67 1396.14 1405.52 1415.02 1424.43 1433.62 1443.05 1452.36 1461.78 1471.40 1480.42 1489.97 1499.38 1508.53 1517.85 1527.36 1536.60 1546.02 1555.27 1564.57 1574.03 1583.32 1592.64 1601.78 1611.42 1620.40 1629.88 1639.18 1648.63 1657.77 1667.04 1676.44 1685.48 1695.00 1704.31 1713.27 1722.84 1732.08 1741.45 1750.47 1759.98 1769.25 1778.64 1787.67 1796.81 1806.42 1815.32 1824.68 1834.15 1843.39 1852.56 1861.83 1871.19 1880.29 1889.48 1898.63 1907.87 1917.23 1926.70 1935.80 1945.06 1954.41
-251.95 145619 1573.07 1573.13 1572.97 1572.55 1572.75 1572.49 1571.77 1571.53 1570.78 1570.45 1569.55 1569.04 1568.93 1568.20 1566.80 1566.66 1565.76 1565.12 1564.72 1563.52 1562.48 1561.60 1560.87 1560.35 1559.90 1558.49 1558.10 1556.69 1555.23 1554.62 1553.84 1551.88 1550.71 1550.29 1548.63 1547.68 1546.40 1544.81 1543.84 1542.46 1540.79 1539.60 1537.88 1536.57 1534.63 1533.00 1531.67 1529.66 1528.07 1526.72 1524.64 1522.77 1521.08 1519.55 1517.30 1516.06 1513.86 1511.61 1509.32 1508.07 1505.73 1503.21 1501.48 1499.52 1497.50 1495.14 1492.43 1490.49 1488.12 1485.29 1482.91 1481.21 1478.05 1475.29 1473.13 1470.34 1467.86 1465.90 1463.23 1459.86 1457.84 1455.04 1452.38 1449.17 1446.97 1444.19 1441.48 1437.88 1435.48 1432.15 1429.98 1426.85 1423.93 1420.93 1417.81 1414.82 1411.67 1408.64 1405.40 1403.15 1399.78 1396.49 1393.87 1390.38 1387.50 1384.61 1381.41 1378.16 1374.51 1371.67 1368.40 1365.00 1361.15 1358.02 1354.72 1351.79 1348.64 1344.94 1341.84 1338.14 1334.15 1330.74 1327.91 1324.43 1320.62 1317.04 1313.98 1310.22 1306.05 1303.21 1298.76 1295.61 1291.99 1288.76 1284.69 1281.03 1277.70 1273.55 1269.74 1266.27 1263.13 1259.11 1255.37 1251.05 1247.85 1243.73 1239.86 1236.26 1232.54 1228.19 1224.91 1221.00 1217.27 1213.34 1209.59 1205.18 1201.78 1197.34 1193.90 1189.74 1185.74 1181.87 1178.12 1174.09 1170.15 1166.29 1162.54 1157.68 1154.10 1150.27 1146.57 1142.13 1138.64 1134.02 1130.69 1126.25 1122.69 1118.30 1114.76 1110.07 1106.60 1102.76 1098.06 1094.20 1090.32 1086.45 1082.19 1077.94 1073.70 1069.50 1066.17 1062.01 1057.96 1053.95
-1509.65 145619 100.00 110.00 120.00 129.99 140.00 150.00 159.98 169.98 179.95 189.95 199.91 209.90 219.91 229.89 239.82 249.83 259.79 269.77 279.77 289.71 299.65 309.62 319.59 329.58 339.58 349.49 359.50 369.41 379.31 389.31 399.28 409.12 419.05 429.08 438.95 448.91 458.82 468.70 478.66 488.57 498.43 508.36 518.21 528.13 537.95 547.81 557.73 567.53 577.40 587.32 597.11 606.93 616.79 626.67 636.43 646.37 656.13 665.88 675.61 685.57 695.30 704.98 714.84 724.65 734.44 744.16 753.80 763.62 773.33 782.93 792.64 802.53 812.04 821.66 831.43 841.04 850.72 860.55 870.19 879.64 889.45 899.05 908.69 918.18 927.95 937.56 947.18 956.55 966.27 975.71 985.50 995.00 1004.56 1014.10 1023.60 1033.15 1042.64 1052.17 1061.63 1071.41 1080.83 1090.28 1099.94 1109.32 1118.90 1128.48 1137.95 1147.41 1156.73 1166.33 1175.78 1185.19 1194.43 1203.93 1213.37 1222.94 1232.44 1241.73 1251.25 1260.54 1269.73 1279.13 1288.74 1298.12 1307.37 1316.71 1326.24 1335.51 1344.62 1354.24 1363.24 1372.75 1382.07 1391.54 1400.69 1409.99 1419.44 1428.54 1437.79 1447.17 1456.69 1465.85 1475.12 1484.16 1493.66 1502.78 1512.00 1521.33 1530.61 1539.63 1549.10 1558.30 1567.58 1576.78 1586.05 1595.04 1604.46 1613.45 1622.85 1631.95 1641.11 1650.33 1659.61 1668.76 1677.95 1687.17 1696.44 1705.24 1714.59 1723.82 1733.12 1742.09 1751.48 1760.38 1769.83 1778.81 1788.16 1797.16 1806.53 1815.39 1824.78 1834.02 1842.88 1852.10 1861.32 1870.55 1879.59 1888.65 1897.71 1906.79 1916.25 1925.34 1934.49 1943.65
-197.50 145620 1573.04 1573.07 1572.80 1573.23 1572.27 1571.85 1571.98 1571.64 1570.80 1570.41 1569.43 1568.83 1568.58 1567.64 1566.97 1566.46 1565.13 1564.94 1563.91 1563.03 1562.25 1561.53 1559.86 1559.32 1558.77 1557.17 1556.47 1555.63 1554.60 1553.34 1551.80 1550.92 1548.73 1548.17 1546.26 1544.92 1544.28 1542.19 1540.60 1539.45 1537.72 1536.32 1534.25 1532.42 1530.95 1529.65 1527.53 1525.55 1523.66 1521.84 1520.25 1518.67 1516.13 1514.45 1512.63 1510.62 1508.60 1506.36 1503.85 1501.05 1499.08 1496.74 1494.91 1492.86 1490.30 1487.20 1484.70 1482.49 1479.63 1477.26 1474.17 1472.19 1469.70 1466.39 1463.16 1461.20 1458.33 1455.71 1452.13 1449.69 1446.25 1443.60 1440.17 1437.49 1434.93 1431.26 1428.54 1425.54 1422.54 1419.24 1415.91 1412.21 1409.31 1406.02 1402.61 1399.95 1395.93 1392.58 1389.57 1386.33 1382.51 1379.31 1375.84 1372.62 1369.09 1364.87 1362.04 1358.85 1354.93 1351.44 1347.51 1343.66 1340.19 1337.10 1333.13 1329.48 1325.30 1322.26 1318.25 1314.48 1310.06 1306.70 1302.34 1298.99 1294.95 1291.09 1287.38 1283.45 1279.61 1275.04 1271.39 1267.82 1263.07 1259.18 1255.29 1251.43 1247.58 1243.73 1238.65 1234.75 1230.78 1226.35 1222.65 1218.80 1214.03 1209.97 1205.79 1201.47 1197.84 1192.88 1188.95 1184.82 1180.10 1176.38 1172.07 1167.56 1163.64 1159.49 1155.11 1150.52 1146.51 1142.24 1137.70 1133.68 1129.35 1124.72 1120.61 1116.20 1111.51 1107.35 1102.90 1098.96 1093.92 1090.15 1085.23 1080.80 1076.80 1072.43 1067.68 1063.38 1058.73 1054.47 1049.80 1045.89 1041.21 1036.13 1031.86 1027.97 1023.69 1018.65 1014.40 1009.75 1005.49 1000.50
-1536.91 145620 100.00 110.00 120.00 130.02 139.99 149.98 159.99 169.99 179.96 189.95 199.91 209.89 219.90 229.86 239.83 249.82 259.75 269.77 279.72 289.68 299.65 309.62 319.51 329.51 339.50 349.39 359.37 369.34 379.29 389.21 399.09 409.06 418.86 428.87 438.71 448.61 458.62 468.42 478.30 488.24 498.09 507.99 517.79 527.62 537.51 547.44 557.22 567.02 576.84 586.67 596.55 606.43 616.12 625.99 635.82 645.62 655.41 665.16 674.84 684.46 694.27 703.99 713.84 723.63 733.30 742.83 752.51 762.27 771.85 781.57 791.10 800.92 810.61 820.07 829.54 839.39 848.97 858.62 867.98 877.69 887.10 896.75 906.15 915.79 925.47 934.80 944.43 953.97 963.51 972.95 982.38 991.68 1001.26 1010.70 1020.10 1029.77 1038.95 1048.38 1057.92 1067.38 1076.63 1086.11 1095.49 1104.96 1114.31 1123.41 1133.03 1142.52 1151.72 1161.10 1170.30 1179.53 1188.91 1198.44 1207.63 1216.94 1226.03 1235.59 1244.76 1254.02 1263.01 1272.44 1281.46 1290.90 1300.05 1309.27 1318.56 1327.76 1336.99 1345.91 1355.23 1364.58 1373.42 1382.63 1391.85 1401.07 1410.30 1419.53 1428.22 1437.43 1446.61 1455.58 1464.88 1474.12 1482.94 1492.08 1501.16 1510.18 1519.52 1528.24 1537.44 1546.55 1555.38 1564.68 1573.71 1582.63 1591.84 1600.94 1609.93 1618.82 1627.99 1637.03 1645.95 1655.11 1664.12 1672.99 1682.11 1691.09 1699.93 1709.02 1717.98 1727.18 1735.85 1745.14 1753.86 1762.83 1772.00 1781.00 1789.81 1798.83 1807.69 1816.75 1825.59 1834.81 1843.65 1852.29 1861.34 1870.57 1879.61 1888.28 1897.33 1906.19 1915.24 1923.91
-133.34 145621 1572.35 1572.69 1571.78 1572.51 1571.77 1571.51 1570.76 1570.45 1569.57 1569.10 1569.00 1568.21 1567.67 1566.37 1565.29 1565.33 1564.49 1562.73 1562.00 1561.35 1560.80 1559.22 1558.58 1557.83 1555.94 1554.84 1553.54 1552.93 1551.02 1549.69 1548.93 1547.72 1546.02 1544.77 1543.14 1540.96 1540.13 1538.67 1536.53 1534.65 1532.98 1531.63 1529.43 1527.27 1526.06 1523.85 1521.77 1519.61 1517.32 1515.83 1513.18 1511.47 1509.54 1507.33 1504.72 1502.84 1500.50 1497.64 1495.46 1492.70 1490.24 1487.11 1485.42 1482.04 1480.00 1477.10 1474.21 1471.59 1468.00 1465.52 1462.06 1459.67 1456.21 1453.74 1450.09 1447.34 1444.27 1440.83 1437.27 1434.49 1431.23 1427.79 1424.73 1421.44 1417.62 1414.44 1411.01 1406.98 1404.39 1400.25 1396.58 1393.38 1389.40 1385.84 1382.67 1378.67 1374.98 1371.58 1367.63 1363.59 1359.79 1356.21 1352.86 1348.50 1344.31 1341.10 1337.14 1333.28 1329.12 1324.97 1320.84 1316.70 1312.53 1309.13 1304.43 1300.85 1295.95 1292.13 1287.75 1284.00 1279.23 1275.08 1270.71 1266.92 1262.07 1257.79 1254.07 1249.25 1244.91 1241.04 1236.02 1231.45 1227.31 1222.76 1218.62 1214.07 1209.07 1204.83 1200.92 1196.11 1192.00 1186.97 1182.61 1177.73 1173.08 1168.67 1163.71 1159.39 1154.49 1149.78 1145.24 1140.84 1135.81 1130.88 1126.49 1121.42 1116.47 1111.65 1107.36 1102.39 1097.51 1092.67 1088.29 1083.93 1078.79 1073.65 1068.54 1063.88 1059.23 1054.62 1049.28 1045.14 1040.24 1035.32 1030.38 1025.42 1020.84 1015.44 1010.75 1005.70 1000.61 995.45 991.36 986.40 981.33 976.14 971.27 966.27 961.19 956.48 951.69 946.08 941.56 936.34
-1560.97 145621 100.00 110.00 119.98 130.02 139.99 149.99 159.97 169.96 179.93 189.92 199.93 209.90 219.89 229.82 239.76 249.80 259.77 269.65 279.62 289.61 299.60 309.49 319.48 329.46 339.31 349.25 359.16 369.16 379.00 388.91 398.90 408.83 418.69 428.61 438.48 448.26 458.25 468.15 477.93 487.75 497.61 507.53 517.29 527.06 537.01 546.77 556.55 566.31 576.05 585.96 595.62 605.48 615.30 625.05 634.71 644.54 654.26 663.85 673.62 683.23 692.92 702.44 712.34 721.78 731.60 741.17 750.74 760.40 769.76 779.46 788.86 798.58 807.98 817.69 827.02 836.64 846.16 855.55 864.90 874.52 883.97 893.36 902.89 912.33 921.58 931.07 940.46 949.64 959.34 968.47 977.77 987.25 996.44 1005.78 1015.28 1024.45 1033.74 1043.16 1052.34 1061.50 1070.75 1080.09 1089.52 1098.54 1107.63 1117.13 1126.31 1135.54 1144.63 1153.73 1162.84 1171.94 1181.03 1190.47 1199.32 1208.67 1217.43 1226.68 1235.67 1244.96 1253.77 1262.87 1271.86 1281.13 1289.90 1298.94 1308.24 1317.02 1326.03 1335.27 1343.94 1352.84 1361.95 1370.85 1379.96 1388.87 1397.55 1406.61 1415.84 1424.61 1433.74 1442.40 1451.40 1460.13 1468.99 1477.97 1486.66 1495.68 1504.40 1513.23 1522.14 1531.13 1539.77 1548.48 1557.47 1566.10 1574.79 1583.56 1592.60 1601.28 1610.01 1618.76 1627.77 1636.78 1645.36 1653.95 1662.55 1671.40 1680.26 1689.14 1697.61 1706.75 1715.47 1724.17 1732.87 1741.55 1750.45 1758.88 1767.72 1776.35 1784.96 1793.53 1802.71 1811.39 1820.01 1828.57 1837.30 1845.96 1854.57 1863.40 1872.18 1880.49 1889.43 1897.97
-128.24 145622 1572.76 1572.49 1572.94 1572.04 1571.73 1571.93 1571.64 1570.81 1570.45 1569.52 1568.95 1568.70 1567.73 1567.01 1566.48 1565.07 1564.75 1563.47 1563.20 1561.96 1560.68 1559.47 1559.20 1557.82 1556.27 1555.53 1554.58 1553.33 1551.77 1550.80 1549.39 1547.55 1546.19 1544.47 1543.19 1541.36 1539.90 1538.77 1536.95 1535.39 1533.05 1532.00 1530.10 1528.24 1526.36 1524.46 1522.48 1520.58 1518.53 1516.29 1513.83 1511.34 1509.54 1507.42 1504.91 1502.23 1500.02 1497.26 1495.11 1492.38 1489.92 1487.97 1485.33 1481.93 1479.86 1476.94 1474.05 1471.41 1468.70 1465.24 1462.56 1459.11 1456.38 1453.72 1449.84 1446.86 1443.52 1441.00 1437.16 1434.04 1430.42 1427.47 1423.98 1420.26 1417.15 1413.42 1410.27 1406.79 1403.51 1399.84 1396.29 1392.30 1388.75 1385.59 1381.59 1377.90 1374.51 1370.20 1367.01 1363.19 1359.59 1354.96 1351.33 1347.83 1343.59 1339.44 1335.83 1331.41 1327.85 1323.45 1319.87 1315.41 1311.72 1306.74 1302.83 1298.42 1294.67 1290.71 1286.53 1282.12 1277.46 1273.37 1269.00 1264.36 1260.24 1255.84 1251.95 1246.90 1243.12 1238.17 1233.64 1229.47 1224.84 1220.52 1215.70 1211.60 1206.58 1202.28 1197.46 1192.90 1188.60 1183.74 1179.12 1174.69 1169.66 1165.24 1160.22 1156.16 1151.46 1146.11 1142.07 1137.33 1132.67 1127.29 1123.16 1117.87 1113.06 1108.29 1103.58 1098.15 1093.93 1088.98 1084.03 1079.51 1074.19 1069.59 1064.20 1059.99 1054.98 1049.97 1044.95 1040.34 1035.71 1030.26 1025.94 1020.80 1015.54 1010.59 1005.52 1001.12 995.87 990.91 985.82 980.59 975.66 970.61 965.83 960.90 955.84 951.10 946.25 941.24 936.10 931.24
-1568.42 145622 100.00 110.00 120.01 129.99 139.98 150.00 160.00 169.97 179.96 189.93 199.91 209.91 219.87 229.84 239.83 249.75 259.76 269.68 279.71 289.63 299.55 309.48 319.51 329.42 339.31 349.29 359.24 369.17 379.05 389.01 398.91 408.74 418.65 428.51 438.43 448.26 458.16 468.10 477.94 487.82 497.56 507.53 517.35 527.17 537.00 546.81 556.62 566.44 576.22 585.97 595.67 605.36 615.20 624.98 634.66 644.30 654.05 663.67 673.44 683.06 692.76 702.59 712.23 721.67 731.47 741.04 750.62 760.26 769.89 779.29 788.93 798.32 807.95 817.60 826.85 836.40 845.83 855.53 864.78 874.29 883.61 893.18 902.55 911.84 921.35 930.64 940.13 949.50 958.95 968.26 977.61 986.79 996.14 1005.64 1014.81 1024.11 1033.52 1042.56 1052.06 1061.30 1070.64 1079.54 1088.86 1098.24 1107.30 1116.40 1125.73 1134.72 1144.08 1153.07 1162.42 1171.38 1180.68 1189.40 1198.61 1207.59 1216.87 1226.06 1235.15 1244.12 1252.98 1262.11 1271.10 1279.97 1289.08 1298.06 1307.29 1315.95 1325.24 1333.94 1342.86 1351.96 1360.82 1369.84 1378.61 1387.74 1396.41 1405.44 1414.21 1423.11 1432.14 1440.89 1449.75 1458.72 1467.38 1476.35 1485.01 1494.18 1503.00 1511.48 1520.67 1529.47 1538.32 1546.77 1555.91 1564.42 1573.18 1581.97 1590.80 1599.22 1608.32 1617.00 1625.69 1634.62 1643.11 1651.99 1660.43 1669.54 1678.19 1686.85 1695.50 1704.38 1713.25 1721.65 1730.70 1739.28 1747.79 1756.48 1765.10 1774.10 1782.62 1791.31 1799.91 1808.44 1817.14 1825.77 1834.56 1843.26 1851.89 1860.70 1869.44 1878.10 1886.68 1895.42
-89.45 145622 1572.97 1572.87 1572.48 1572.75 1572.58 1571.84 1571.53 1570.65 1570.16 1569.06 1569.28 1567.78 1567.51 1566.44 1565.56 1564.76 1564.02 1563.27 1562.49 1561.70 1559.96 1559.10 1558.09 1556.88 1555.48 1554.81 1552.85 1551.51 1550.76 1549.58 1547.89 1546.62 1544.92 1543.63 1541.72 1540.10 1538.72 1536.60 1534.69 1533.10 1531.60 1529.15 1527.64 1525.10 1523.59 1521.91 1519.07 1516.91 1514.47 1512.86 1509.99 1507.73 1506.25 1503.36 1500.90 1498.80 1496.33 1493.19 1490.26 1487.71 1485.29 1483.23 1480.27 1477.28 1474.49 1470.68 1467.89 1464.86 1461.86 1458.52 1456.05 1452.34 1449.40 1446.04 1442.50 1439.32 1435.91 1433.12 1428.81 1425.93 1422.36 1418.42 1414.93 1411.52 1407.63 1404.11 1400.94 1396.89 1393.09 1389.55 1385.01 1381.52 1377.37 1374.23 1370.01 1365.89 1361.83 1357.84 1353.84 1349.86 1345.81 1341.72 1337.19 1333.40 1329.46 1325.37 1321.13 1316.69 1312.87 1307.97 1303.60 1299.71 1295.52 1290.96 1286.83 1282.30 1277.37 1272.79 1268.53 1263.78 1259.34 1254.39 1250.11 1246.08 1241.50 1236.36 1231.42 1226.66 1222.44 1217.58 1212.84 1208.19 1203.60 1198.29 1194.24 1189.46 1183.94 1179.18 1174.85 1169.72 1164.56 1159.76 1154.91 1150.00 1145.00 1140.32 1135.52 1130.60 1124.78 1119.98 1115.00 1110.24 1105.27 1100.08 1095.10 1089.89 1084.85 1079.56 1074.75 1069.40 1064.53 1059.40 1054.42 1049.15 1044.02 1038.55 1033.94 1028.27 1023.45 1018.31 1012.87 1007.56 1002.63 997.78 991.83 986.68 981.89 976.38 971.19 966.07 960.56 955.79 950.58 944.93 939.26 934.32 928.93 923.56 918.48 913.45 908.01 902.58 897.51 892.45
-1579.60 145622 100.00 110.00 119.99 130.01 140.01 149.98 159.98 169.95 179.94 189.89 199.92 209.84 219.85 229.80 239.76 249.73 259.70 269.67 279.65 289.62 299.49 309.45 319.40 329.33 339.23 349.23 359.06 368.97 378.96 388.89 398.75 408.67 418.53 428.45 438.27 448.14 458.04 467.83 477.64 487.52 497.41 507.12 517.02 526.71 536.61 546.47 556.09 565.85 575.55 585.44 595.04 604.78 614.71 624.30 633.99 643.77 653.47 662.98 672.54 682.21 691.92 701.73 711.29 720.83 730.43 739.72 749.32 758.86 768.40 777.82 787.54 796.84 806.41 815.82 825.18 834.66 844.06 853.69 862.76 872.36 881.70 890.90 900.27 909.67 918.89 928.25 937.75 946.90 956.15 965.51 974.45 983.83 992.93 1002.47 1011.53 1020.65 1029.79 1038.96 1048.13 1057.30 1066.44 1075.57 1084.49 1093.75 1102.95 1112.07 1121.13 1130.10 1139.35 1148.09 1157.09 1166.32 1175.40 1184.30 1193.41 1202.33 1211.04 1219.93 1228.99 1237.79 1246.75 1255.45 1264.49 1273.67 1282.56 1291.15 1299.86 1308.65 1317.74 1326.48 1335.28 1344.13 1353.02 1361.52 1370.70 1379.48 1387.86 1396.65 1405.68 1414.27 1422.85 1431.62 1440.36 1449.08 1457.74 1466.58 1475.35 1484.06 1492.25 1501.03 1509.69 1518.50 1527.18 1535.72 1544.40 1552.93 1561.57 1570.06 1578.83 1587.29 1596.03 1604.61 1613.28 1621.78 1630.36 1638.74 1647.64 1655.90 1664.67 1673.25 1681.65 1690.12 1698.83 1707.59 1715.67 1724.24 1733.03 1741.38 1749.93 1758.52 1766.87 1775.68 1784.22 1792.48 1800.73 1809.43 1817.86 1826.29 1834.91 1843.56 1851.95 1860.35 1868.97 1877.60
-63.06 145623 1572.38 1572.72 1571.75 1572.35 1571.47 1571.03 1571.07 1570.54 1569.42 1568.64 1568.13 1567.87 1566.82 1565.96 1565.21 1564.45 1563.70 1561.93 1561.22 1560.44 1559.55 1558.50 1557.31 1555.93 1554.30 1553.34 1552.02 1550.29 1549.08 1547.34 1546.15 1544.33 1542.85 1541.67 1539.78 1538.13 1536.68 1534.43 1532.46 1530.55 1528.63 1526.65 1524.58 1523.49 1521.25 1518.77 1515.98 1514.04 1511.74 1509.99 1506.89 1505.46 1502.55 1500.01 1498.03 1495.37 1491.92 1489.79 1486.79 1483.86 1481.20 1478.49 1475.06 1472.40 1469.84 1466.12 1463.29 1460.09 1456.78 1453.90 1449.96 1446.43 1443.58 1440.15 1436.45 1433.28 1429.45 1426.08 1423.15 1419.42 1415.18 1412.12 1408.14 1404.42 1400.07 1396.80 1392.54 1388.45 1384.52 1380.71 1377.01 1373.00 1369.02 1365.05 1361.07 1357.04 1352.91 1348.64 1345.05 1340.11 1336.18 1331.65 1327.68 1323.43 1318.88 1314.81 1310.41 1305.67 1301.35 1296.63 1292.68 1287.87 1283.76 1279.12 1274.74 1269.78 1265.04 1260.46 1255.23 1251.29 1246.68 1241.38 1236.15 1232.15 1227.39 1221.89 1217.18 1212.89 1207.78 1202.62 1197.38 1193.24 1188.23 1183.08 1178.22 1173.21 1168.04 1163.11 1157.98 1152.61 1148.20 1142.77 1137.06 1132.24 1127.11 1122.11 1116.78 1111.55 1106.71 1101.96 1096.08 1090.94 1085.40 1080.58 1075.33 1069.63 1064.64 1059.64 1054.19 1048.72 1043.48 1038.23 1032.48 1027.39 1021.77 1016.77 1011.26 1005.69 1000.73 995.24 989.67 984.27 978.79 973.89 968.41 962.82 957.33 951.67 946.57 940.87 935.74 929.97 924.69 919.21 913.08 908.15 902.32 896.50 891.21 885.78 880.50 875.42 870.65 866.06
-1603.10 145623 100.00 110.00 119.98 130.01 139.98 149.97 159.99 169.97 179.93 189.90 199.88 209.89 219.84 229.80 239.78 249.75 259.72 269.59 279.57 289.55 299.51 309.46 319.38 329.29 339.16 349.12 359.04 368.89 378.82 388.67 398.61 408.44 418.33 428.28 438.10 447.96 457.86 467.61 477.42 487.23 497.05 506.85 516.63 526.63 536.37 546.07 555.69 565.50 575.23 585.10 594.63 604.58 614.16 623.83 633.65 643.29 652.71 662.50 672.05 681.60 691.25 700.87 710.28 719.93 729.61 738.91 748.51 757.99 767.42 777.01 786.22 795.58 805.18 814.58 823.87 833.36 842.60 852.02 861.61 870.89 879.96 889.51 898.69 907.97 916.99 926.46 935.52 944.65 953.84 963.09 972.38 981.54 990.72 999.90 1009.07 1018.22 1027.33 1036.38 1045.73 1054.46 1063.67 1072.58 1081.77 1090.82 1099.73 1108.87 1117.85 1126.66 1135.68 1144.50 1153.71 1162.48 1171.61 1180.47 1189.46 1198.16 1206.96 1215.85 1224.39 1233.63 1242.50 1251.01 1259.55 1268.75 1277.55 1285.94 1294.76 1303.82 1312.42 1320.99 1329.51 1338.66 1347.32 1355.89 1364.63 1373.29 1381.85 1390.54 1399.13 1407.58 1416.58 1424.99 1433.23 1442.00 1450.58 1459.24 1467.70 1476.23 1484.99 1493.81 1501.93 1510.51 1518.84 1527.62 1536.13 1544.36 1553.04 1561.70 1570.09 1578.46 1586.98 1595.49 1603.69 1612.30 1620.57 1629.25 1637.59 1645.90 1654.60 1662.96 1671.27 1679.68 1688.05 1696.79 1705.16 1713.45 1721.80 1730.05 1738.66 1746.89 1755.48 1763.66 1772.15 1780.51 1788.45 1797.18 1805.31 1813.46 1821.94 1830.34 1838.84 1847.45 1856.23 1865.10
-40.52 145624 1572.89 1572.73 1572.27 1572.48 1572.19 1571.31 1570.87 1570.84 1570.19 1568.91 1568.91 1568.14 1567.56 1566.16 1565.89 1564.65 1563.44 1563.16 1561.82 1560.55 1560.15 1558.60 1557.87 1555.92 1554.67 1554.11 1552.22 1550.87 1550.04 1547.71 1546.88 1545.40 1543.31 1541.50 1539.94 1538.58 1536.42 1534.39 1532.64 1530.90 1529.11 1527.20 1525.18 1523.16 1520.91 1518.37 1516.42 1514.34 1511.87 1509.89 1507.44 1504.72 1502.37 1499.41 1496.96 1494.68 1491.60 1488.86 1486.13 1483.68 1480.28 1477.95 1474.56 1470.96 1468.27 1465.24 1462.10 1458.86 1455.12 1452.07 1448.45 1445.47 1441.89 1438.85 1435.42 1431.23 1427.48 1424.09 1420.69 1416.72 1412.99 1409.48 1404.99 1401.53 1397.36 1394.15 1389.83 1385.55 1382.14 1377.88 1373.59 1370.06 1365.25 1361.54 1357.30 1352.88 1348.25 1344.59 1340.27 1335.64 1331.49 1326.98 1322.12 1318.08 1313.21 1309.10 1304.54 1300.28 1295.51 1290.97 1286.62 1281.67 1276.87 1272.57 1267.55 1262.60 1257.70 1253.25 1248.75 1243.43 1238.82 1233.41 1229.09 1223.88 1218.53 1213.49 1209.05 1203.68 1198.51 1193.83 1188.61 1183.86 1178.08 1173.17 1167.92 1162.77 1157.28 1152.58 1147.49 1142.02 1136.58 1131.86 1125.96 1120.78 1115.84 1110.86 1105.38 1099.38 1094.02 1088.61 1083.80 1078.42 1072.46 1067.07 1061.55 1056.56 1050.96 1045.87 1040.15 1034.23 1028.80 1023.39 1017.77 1012.60 1006.71 1001.25 995.56 989.83 984.52 978.97 973.38 967.55 962.15 956.47 950.73 945.40 939.77 934.50 928.43 922.73 917.40 911.26 905.41 899.86 894.62 889.03 883.30 877.20 872.12 866.28 860.08 854.85 849.32 843.52
-1619.40 145624 100.00 110.00 119.99 130.00 140.00 149.97 159.96 169.97 179.95 189.89 199.91 209.88 219.87 229.79 239.80 249.73 259.66 269.68 279.60 289.52 299.53 309.42 319.41 329.24 339.16 349.18 359.01 368.92 378.90 388.66 398.66 408.55 418.34 428.17 438.05 447.97 457.74 467.53 477.38 487.23 497.07 506.88 516.68 526.47 536.22 545.89 555.71 565.49 575.18 584.99 594.69 604.31 614.03 623.60 633.29 643.04 652.56 662.17 671.80 681.50 690.92 700.67 710.08 719.43 729.07 738.60 748.10 757.56 766.84 776.37 785.70 795.25 804.59 814.13 823.53 832.63 841.90 851.31 860.72 869.90 879.18 888.55 897.51 906.90 916.00 925.50 934.53 943.57 953.00 962.05 971.08 980.46 989.26 998.56 1007.62 1016.59 1025.46 1034.79 1043.81 1052.68 1061.78 1070.71 1079.46 1088.62 1097.37 1106.49 1115.39 1124.45 1133.24 1142.15 1151.16 1159.85 1168.63 1177.67 1186.32 1195.01 1203.73 1212.69 1221.63 1230.12 1239.00 1247.42 1256.47 1265.01 1273.48 1282.11 1291.10 1299.54 1308.10 1316.95 1325.48 1334.29 1342.49 1351.20 1359.72 1368.29 1376.65 1385.50 1394.11 1402.48 1410.87 1419.72 1427.82 1436.38 1445.08 1453.77 1462.13 1470.17 1478.61 1487.02 1495.82 1504.25 1512.30 1520.72 1529.06 1537.75 1546.03 1554.66 1562.86 1570.93 1579.33 1587.74 1596.01 1604.59 1612.68 1621.06 1629.28 1637.48 1645.96 1654.28 1662.57 1670.70 1679.12 1687.35 1695.54 1704.01 1712.28 1720.78 1728.75 1736.97 1745.43 1753.35 1761.46 1769.78 1778.32 1786.61 1794.80 1802.75 1811.39 1819.51 1827.38 1835.92 1844.25 1852.40
-12.90 145624 1572.31 1572.58 1572.60 1572.22 1571.33 1570.88 1570.87 1570.24 1569.01 1569.09 1568.49 1567.14 1566.94 1565.92 1565.00 1564.13 1563.24 1562.26 1561.18 1560.11 1558.92 1557.53 1556.91 1555.04 1553.83 1553.25 1551.27 1549.80 1548.78 1547.19 1545.11 1544.30 1541.86 1540.65 1538.64 1536.78 1535.06 1533.63 1531.27 1529.86 1527.40 1525.74 1523.16 1521.27 1519.02 1516.39 1514.50 1512.15 1509.28 1507.08 1504.31 1501.89 1499.99 1497.35 1493.93 1491.79 1488.74 1485.64 1482.72 1479.68 1476.74 1473.61 1471.41 1468.00 1464.50 1461.46 1458.21 1454.40 1451.18 1447.64 1444.28 1440.56 1437.29 1433.24 1429.56 1426.18 1422.77 1418.76 1414.95 1411.31 1407.45 1403.67 1399.08 1395.36 1391.63 1386.66 1382.84 1378.57 1374.97 1370.39 1366.46 1362.31 1357.92 1353.28 1349.15 1344.72 1340.73 1336.35 1331.53 1327.04 1322.87 1318.18 1312.94 1309.12 1304.71 1299.69 1294.83 1290.06 1285.36 1280.36 1275.40 1270.43 1265.84 1261.16 1256.38 1251.48 1246.44 1241.62 1235.86 1231.02 1225.91 1220.94 1215.68 1210.83 1205.36 1200.29 1195.31 1189.96 1184.66 1179.67 1174.23 1168.78 1163.99 1157.98 1152.63 1147.44 1142.16 1136.32 1131.05 1125.65 1120.34 1114.85 1109.86 1104.22 1098.38 1093.00 1087.60 1081.94 1076.71 1070.75 1065.19 1059.29 1053.72 1048.02 1042.65 1036.91 1031.02 1025.41 1019.43 1013.77 1008.40 1002.18 997.37 990.98 985.49 979.57 973.89 967.97 962.28 956.82 950.92 945.25 939.33 933.57 927.31 921.88 915.93 910.10 904.42 898.92 892.46 886.61 880.37 875.38 869.36 863.45 857.61 851.16 845.44 839.83 833.68 827.62 821.71 815.90
-1632.47 145624 100.00 110.00 120.01 130.00 139.97 149.96 159.97 169.95 179.89 189.92 199.90 209.83 219.85 229.80 239.75 249.72 259.68 269.63 279.57 289.51 299.44 309.35 319.34 329.19 339.12 349.13 358.95 368.84 378.80 388.67 398.46 408.47 418.19 428.13 437.93 447.76 457.61 467.52 477.25 487.16 496.86 506.73 516.41 526.23 535.97 545.63 555.46 565.18 574.77 584.53 594.14 603.84 613.69 623.33 632.76 642.55 652.07 661.58 671.15 680.67 690.23 699.73 709.53 718.93 728.31 737.84 747.29 756.55 766.02 775.37 784.80 794.08 803.54 812.69 821.99 831.41 840.81 849.98 859.22 868.54 877.76 887.02 895.93 905.22 914.50 923.24 932.49 941.53 950.88 959.78 968.98 978.08 987.06 995.93 1005.04 1014.01 1023.19 1032.17 1040.94 1049.88 1058.98 1067.81 1076.36 1085.65 1094.63 1103.28 1112.02 1120.81 1129.64 1138.31 1146.99 1155.66 1164.56 1173.40 1182.18 1190.90 1199.54 1208.31 1216.52 1225.27 1233.87 1242.55 1251.05 1259.81 1268.19 1276.81 1285.49 1293.93 1302.41 1311.08 1319.48 1327.86 1336.67 1344.70 1353.14 1361.70 1370.19 1378.32 1386.82 1395.24 1403.72 1412.07 1420.76 1429.02 1437.15 1445.58 1454.00 1462.24 1470.78 1478.82 1487.13 1495.21 1503.51 1511.73 1520.18 1528.37 1536.45 1544.73 1552.75 1561.00 1569.44 1577.30 1586.13 1593.87 1602.23 1610.29 1618.52 1626.59 1634.81 1643.19 1651.27 1659.51 1667.57 1675.74 1683.56 1691.97 1700.01 1708.14 1716.37 1724.73 1732.40 1740.51 1748.34 1757.07 1765.06 1773.13 1781.25 1788.92 1797.13 1805.41 1813.30 1821.26 1829.32 1837.47
20.44 145625 1572.16 1572.30 1572.15 1571.59 1571.51 1570.83 1570.57 1569.67 1569.11 1568.83 1567.84 1567.08 1566.47 1564.98 1564.57 1563.12 1562.64 1561.08 1560.47 1559.75 1557.90 1556.80 1555.43 1554.72 1553.59 1552.04 1550.03 1549.42 1547.26 1545.58 1544.17 1542.99 1541.05 1539.24 1537.53 1534.88 1533.42 1531.95 1529.43 1527.75 1524.92 1523.03 1520.85 1518.32 1516.50 1514.20 1511.37 1508.90 1506.99 1504.40 1501.12 1499.24 1495.67 1493.39 1490.23 1487.91 1484.80 1481.54 1479.26 1475.80 1472.32 1469.35 1466.24 1462.67 1459.74 1456.20 1452.34 1448.95 1445.67 1441.91 1438.53 1434.26 1431.16 1427.46 1422.76 1419.44 1415.03 1411.52 1408.03 1403.33 1399.79 1394.96 1391.22 1386.98 1382.59 1378.80 1374.77 1370.46 1365.84 1361.70 1357.20 1352.28 1347.75 1343.56 1338.89 1334.48 1329.90 1325.52 1320.52 1315.65 1310.89 1306.61 1301.21 1297.02 1292.03 1287.00 1282.31 1277.51 1272.57 1266.67 1261.72 1256.97 1251.98 1246.68 1242.25 1236.75 1230.91 1225.84 1220.78 1215.98 1209.98 1204.67 1199.99 1194.04 1188.71 1183.51 1178.18 1172.22 1166.79 1161.85 1156.23 1150.39 1144.96 1139.95 1134.21 1128.17 1123.18 1117.41 1111.30 1105.48 1099.97 1094.71 1088.58 1082.70 1077.04 1071.60 1065.24 1060.21 1054.27 1048.49 1042.20 1036.70 1030.66 1024.73 1018.89 1013.12 1006.93 1001.27 995.20 989.18 983.19 977.24 971.30 965.35 959.38 953.38 947.35 941.32 935.26 929.20 923.13 917.06 910.97 905.31 899.10 892.84 886.98 881.03 874.97 868.87 862.71 856.38 850.46 844.34 838.03 831.53 825.93 819.04 813.11 807.08 800.91 794.60 788.71 782.56
-1640.68 145625 100.00 110.00 120.00 129.98 139.99 149.97 159.97 169.94 179.92 189.92 199.88 209.85 219.83 229.74 239.75 249.65 259.66 269.55 279.54 289.52 299.37 309.31 319.22 329.21 339.15 349.03 358.84 368.86 378.65 388.51 398.41 408.35 418.16 428.00 437.85 447.53 457.43 467.34 477.03 486.89 496.51 506.33 516.09 525.77 535.62 545.35 554.95 564.64 574.48 584.14 593.61 603.46 612.85 622.60 632.09 641.83 651.34 660.80 670.57 679.96 689.34 698.89 708.40 717.74 727.32 736.67 745.90 755.31 764.76 774.03 783.44 792.51 802.04 811.33 820.21 829.66 838.65 848.03 857.41 866.27 875.64 884.44 893.72 902.78 911.76 921.03 930.19 939.21 948.09 957.19 966.12 974.84 983.76 992.85 1001.69 1010.67 1019.56 1028.55 1037.22 1045.96 1054.75 1063.80 1072.25 1081.35 1090.02 1098.67 1107.50 1116.28 1124.97 1133.11 1141.80 1150.61 1159.27 1167.76 1176.76 1185.12 1193.27 1201.89 1210.52 1219.31 1227.36 1235.83 1244.70 1252.77 1261.23 1269.78 1278.24 1286.29 1294.69 1303.41 1311.68 1319.80 1328.21 1336.89 1345.07 1353.06 1361.76 1369.93 1377.87 1386.00 1394.35 1402.88 1410.79 1418.88 1427.12 1435.53 1443.27 1451.97 1460.01 1468.17 1475.96 1484.33 1492.30 1500.35 1508.47 1516.64 1524.50 1532.75 1540.70 1548.69 1556.70 1564.73 1572.78 1580.82 1588.84 1596.84 1604.82 1612.79 1620.75 1628.70 1636.65 1644.60 1652.53 1660.79 1668.63 1676.43 1684.54 1692.57 1700.54 1708.46 1716.33 1724.08 1732.14 1740.05 1747.81 1755.42 1763.74 1771.04 1779.10 1787.08 1794.95 1802.71 1810.81 1818.68
34.83 145626 1572.66 1572.33 1572.68 1572.59 1571.98 1571.78 1570.96 1570.51 1569.42 1568.61 1568.03 1567.63 1566.37 1566.18 1565.04 1563.85 1562.58 1562.29 1560.85 1559.28 1558.48 1557.40 1556.00 1554.25 1553.06 1551.41 1550.22 1548.45 1547.19 1545.25 1543.53 1542.01 1540.66 1538.43 1536.23 1535.23 1533.25 1531.20 1529.04 1526.70 1524.33 1522.64 1520.59 1518.12 1515.39 1513.09 1510.19 1507.88 1505.86 1503.12 1500.82 1497.77 1494.85 1492.24 1489.60 1486.18 1483.52 1480.95 1477.16 1474.24 1470.93 1467.47 1464.42 1461.14 1457.24 1453.88 1451.03 1447.38 1443.23 1439.42 1435.91 1432.32 1428.96 1424.58 1420.31 1416.95 1412.78 1408.60 1405.21 1400.51 1396.83 1391.77 1388.55 1383.90 1378.98 1374.95 1370.18 1366.27 1361.60 1357.68 1352.91 1348.85 1343.88 1339.57 1334.67 1329.95 1325.35 1320.08 1316.05 1311.28 1306.49 1300.92 1296.48 1291.19 1286.54 1281.45 1276.96 1271.48 1266.93 1261.38 1256.71 1250.98 1245.63 1241.05 1235.32 1230.31 1224.81 1219.95 1213.85 1209.05 1202.94 1198.56 1192.42 1187.25 1181.41 1176.05 1170.69 1165.07 1159.87 1153.90 1148.30 1142.37 1136.76 1131.49 1125.38 1119.53 1113.95 1108.61 1102.36 1096.79 1090.96 1085.28 1079.76 1073.70 1067.75 1061.91 1055.71 1050.06 1044.02 1038.04 1032.09 1026.17 1020.26 1014.33 1008.40 1002.44 996.43 990.38 984.27 978.08 972.30 965.99 960.07 954.04 947.88 941.57 935.79 929.26 923.22 917.07 910.80 904.90 898.39 892.86 886.08 880.23 874.18 867.94 861.48 855.91 849.00 842.90 836.51 830.45 824.12 818.00 811.60 805.54 799.23 792.71 787.07 780.07 774.07 768.17
-1645.05 145626 100.00 109.99 120.01 130.01 139.99 150.00 159.97 169.96 179.91 189.88 199.86 209.86 219.79 229.81 239.75 249.68 259.60 269.63 279.53 289.41 299.39 309.33 319.23 329.09 339.02 348.88 358.82 368.66 378.59 388.40 398.25 408.14 418.06 427.81 437.57 447.57 457.37 467.16 476.92 486.65 496.36 506.23 516.02 525.71 535.34 545.08 554.65 564.39 574.20 583.81 593.55 603.08 612.65 622.30 631.95 641.36 651.01 660.69 669.97 679.53 688.97 698.36 707.88 717.33 726.55 735.97 745.58 754.90 764.01 773.26 782.62 791.96 801.39 810.40 819.45 828.89 837.98 847.06 856.50 865.35 874.67 883.34 892.88 901.74 910.47 919.63 928.43 937.65 946.49 955.71 964.51 973.67 982.35 991.38 1000.10 1008.92 1017.80 1026.32 1035.51 1044.30 1053.08 1061.42 1070.40 1078.90 1087.76 1096.37 1105.32 1113.70 1122.63 1130.96 1139.82 1148.04 1156.49 1165.41 1173.63 1182.29 1190.64 1199.40 1207.37 1216.17 1224.13 1233.21 1241.14 1249.71 1257.84 1266.28 1274.73 1283.00 1291.55 1299.59 1307.88 1315.93 1324.21 1332.72 1340.66 1348.77 1357.07 1365.54 1373.37 1381.68 1389.80 1398.03 1406.38 1414.34 1422.37 1430.50 1438.35 1446.61 1454.58 1462.59 1470.63 1478.69 1486.75 1494.81 1502.86 1510.89 1518.88 1526.85 1534.76 1542.62 1550.79 1558.55 1566.61 1574.59 1582.47 1590.23 1598.40 1605.99 1613.97 1621.85 1629.64 1637.72 1645.33 1653.69 1661.09 1669.21 1677.17 1684.98 1692.63 1700.97 1708.25 1716.17 1723.87 1731.83 1739.57 1747.48 1755.17 1763.13 1770.88 1778.47 1786.77 1793.98 1801.98 1810.05
44.99 145626 1572.60 1572.17 1572.45 1572.33 1571.68 1571.43 1570.58 1570.10 1569.96 1569.09 1568.46 1567.02 1566.67 1565.40 1565.15 1563.86 1562.49 1562.06 1560.46 1559.68 1558.69 1557.39 1555.75 1554.71 1553.25 1551.35 1549.91 1548.87 1547.20 1545.01 1544.02 1542.21 1540.54 1537.98 1536.61 1534.28 1532.88 1530.41 1528.76 1525.95 1524.04 1521.81 1520.15 1517.09 1514.71 1512.72 1510.11 1507.10 1505.26 1501.77 1499.65 1496.72 1494.12 1491.52 1487.90 1485.29 1482.49 1479.69 1476.56 1473.38 1469.75 1466.85 1463.42 1459.74 1456.60 1452.74 1449.33 1445.44 1441.51 1437.83 1434.42 1430.36 1426.95 1422.78 1418.65 1414.58 1410.52 1407.23 1402.61 1398.67 1394.54 1390.21 1385.62 1381.54 1377.14 1372.39 1368.06 1363.30 1359.29 1354.39 1350.15 1345.37 1340.81 1336.47 1331.51 1326.65 1322.26 1317.92 1312.82 1307.70 1302.49 1298.37 1293.41 1288.32 1283.05 1278.00 1272.72 1267.61 1262.91 1257.55 1252.57 1247.19 1241.84 1236.44 1231.24 1225.98 1220.19 1214.99 1210.31 1204.30 1198.78 1193.32 1187.66 1182.43 1176.47 1170.93 1165.78 1159.86 1154.28 1148.32 1142.64 1137.25 1131.63 1125.58 1119.76 1114.14 1108.67 1102.26 1097.12 1091.01 1085.01 1079.10 1073.27 1067.54 1061.22 1055.61 1049.38 1043.83 1037.64 1031.46 1025.86 1019.55 1013.78 1007.27 1001.29 995.19 988.97 982.64 977.28 970.70 964.48 958.77 952.29 946.23 939.94 933.44 927.88 921.02 915.04 908.88 902.54 896.61 890.49 884.13 878.04 871.75 865.80 859.54 853.00 846.67 840.63 834.26 827.50 821.49 815.14 808.47 802.56 795.84 789.93 783.14 777.18 771.07 764.96 759.01
-1650.62 145626 100.00 109.99 120.00 130.01 139.99 149.99 159.96 169.94 179.96 189.92 199.90 209.82 219.82 229.75 239.77 249.69 259.60 269.62 279.50 289.48 299.43 309.35 319.22 329.17 339.06 348.89 358.78 368.74 378.60 388.37 398.35 408.19 418.05 427.74 437.66 447.39 457.31 467.01 476.88 486.51 496.33 506.07 515.96 525.51 535.22 545.03 554.68 564.23 574.09 583.51 593.30 602.86 612.52 622.18 631.53 641.19 650.79 660.40 669.90 679.37 688.70 698.28 707.67 716.98 726.48 735.71 745.11 754.33 763.52 772.83 782.23 791.37 800.79 809.88 818.99 828.12 837.27 846.75 855.63 864.83 873.94 882.95 891.84 900.98 909.96 918.76 927.78 936.58 945.76 954.48 963.55 972.33 981.23 990.25 998.94 1007.68 1016.68 1025.70 1034.30 1042.90 1051.44 1060.60 1069.28 1077.89 1086.39 1095.02 1103.52 1112.12 1120.96 1129.41 1138.08 1146.51 1154.96 1163.38 1171.92 1180.42 1188.60 1197.14 1206.03 1214.04 1222.38 1230.76 1239.00 1247.54 1255.58 1263.91 1272.50 1280.56 1288.86 1296.89 1305.13 1313.56 1321.83 1329.80 1337.94 1346.21 1354.59 1362.30 1370.92 1378.84 1386.84 1394.91 1403.04 1411.23 1419.00 1427.29 1435.12 1443.45 1451.31 1459.18 1467.48 1475.24 1483.42 1491.03 1499.04 1506.97 1514.80 1522.55 1531.05 1538.59 1546.43 1554.65 1562.28 1570.24 1578.01 1585.62 1593.97 1601.29 1609.31 1617.19 1624.93 1632.99 1640.89 1648.62 1656.55 1664.32 1672.37 1680.17 1687.74 1695.48 1703.46 1711.17 1718.56 1726.56 1734.28 1741.75 1749.84 1757.26 1765.34 1772.71 1780.75 1788.67 1796.58 1804.62
62.66 145627 1572.57 1572.12 1572.35 1572.13 1571.39 1571.05 1571.09 1570.50 1569.26 1568.26 1568.48 1566.84 1566.27 1565.78 1564.33 1563.79 1562.16 1561.47 1560.58 1559.48 1558.12 1556.44 1555.36 1553.88 1552.92 1551.47 1549.48 1547.85 1546.70 1544.83 1543.15 1541.62 1539.24 1537.89 1535.58 1533.46 1532.25 1529.95 1527.46 1525.87 1523.00 1520.68 1518.88 1516.79 1514.15 1510.91 1509.12 1506.64 1503.39 1500.57 1497.86 1495.46 1492.12 1489.61 1486.30 1483.67 1480.15 1477.13 1474.00 1470.42 1467.52 1464.06 1460.33 1457.16 1453.26 1449.78 1446.67 1442.64 1438.85 1435.25 1431.79 1427.25 1423.63 1419.19 1415.54 1411.86 1406.87 1402.92 1398.79 1395.26 1390.25 1385.73 1382.07 1376.81 1373.14 1367.81 1364.03 1359.74 1354.93 1350.33 1345.12 1340.80 1335.83 1331.35 1326.90 1321.69 1316.44 1311.55 1306.54 1301.84 1296.97 1291.92 1286.65 1281.58 1276.94 1271.25 1266.42 1261.18 1255.96 1250.27 1245.27 1240.21 1234.61 1229.56 1223.88 1218.72 1212.92 1207.58 1201.97 1196.32 1190.36 1184.80 1179.62 1173.62 1167.94 1162.54 1156.75 1151.21 1145.40 1139.11 1133.65 1127.69 1121.85 1116.10 1110.46 1104.41 1098.91 1092.35 1086.95 1080.45 1075.08 1068.58 1062.04 1056.58 1050.57 1044.97 1038.17 1032.38 1026.47 1020.41 1014.20 1007.81 1001.22 995.52 989.10 982.95 976.59 970.61 964.42 957.99 951.81 945.39 939.32 932.93 926.70 920.74 914.47 907.89 901.60 895.48 889.06 882.33 876.37 870.08 863.42 856.96 850.57 844.33 837.68 831.69 825.29 818.42 812.16 805.47 799.39 792.89 786.53 779.72 773.57 767.04 760.10 753.79 747.91 741.34
-1654.63 145627 100.00 109.99 120.00 130.00 139.98 149.97 159.99 169.98 179.92 189.87 199.92 209.81 219.80 229.80 239.70 249.70 259.58 269.57 279.53 289.47 299.38 309.25 319.19 329.08 339.05 348.94 358.75 368.62 378.56 388.39 398.25 408.13 417.86 427.78 437.52 447.30 457.25 466.99 476.68 486.57 496.17 505.90 515.75 525.54 535.19 544.67 554.55 564.23 573.71 583.30 592.93 602.65 612.09 621.77 631.22 640.88 650.24 659.78 669.28 678.62 688.20 697.58 706.86 716.36 725.57 734.95 744.47 753.63 762.88 772.21 781.61 790.54 799.87 808.84 818.16 827.47 836.19 845.38 854.49 863.88 872.56 881.49 890.83 899.38 908.73 917.24 926.54 935.58 944.35 953.22 961.78 970.82 979.49 988.44 997.41 1005.95 1014.47 1023.20 1031.85 1040.68 1049.42 1058.05 1066.55 1075.17 1084.05 1092.30 1101.06 1109.58 1118.11 1126.34 1135.02 1143.65 1151.93 1160.58 1168.81 1177.39 1185.54 1193.99 1202.27 1210.52 1218.57 1226.88 1235.45 1243.46 1251.69 1260.12 1268.27 1276.60 1284.74 1292.53 1300.92 1308.96 1317.07 1325.26 1333.52 1341.49 1349.85 1357.44 1365.88 1373.51 1381.98 1389.60 1397.20 1405.61 1413.61 1421.91 1429.30 1437.46 1445.53 1453.49 1461.32 1469.02 1476.56 1484.80 1492.48 1500.36 1508.08 1516.10 1523.95 1531.62 1539.47 1547.15 1555.10 1562.79 1570.61 1578.65 1586.45 1593.99 1601.76 1609.68 1617.34 1624.75 1632.80 1640.57 1648.05 1655.68 1663.37 1671.19 1678.66 1686.69 1694.37 1701.66 1709.47 1716.90 1724.86 1732.46 1740.18 1747.52 1755.41 1762.98 1770.21 1777.97 1786.08 1793.63
71.50 145628 1572.68 1572.32 1572.63 1572.52 1571.91 1571.67 1570.80 1570.27 1569.06 1569.09 1568.35 1566.74 1566.22 1565.78 1564.38 1563.88 1562.26 1561.59 1560.72 1559.65 1558.29 1556.58 1555.48 1553.95 1552.93 1551.36 1549.22 1547.56 1546.18 1545.01 1543.04 1541.18 1539.39 1537.65 1535.12 1533.53 1531.83 1528.98 1527.06 1524.87 1522.33 1520.33 1518.10 1515.34 1512.93 1510.81 1508.24 1504.96 1503.00 1500.27 1497.64 1494.35 1491.92 1488.47 1486.00 1482.38 1479.66 1476.48 1473.13 1469.60 1466.43 1462.96 1459.76 1456.19 1452.19 1448.27 1444.68 1441.34 1437.33 1433.96 1429.83 1425.79 1421.77 1417.72 1413.55 1409.74 1404.95 1400.79 1397.19 1392.51 1388.33 1383.79 1379.66 1375.11 1370.09 1365.78 1361.72 1356.71 1352.32 1347.30 1342.39 1337.56 1333.21 1328.89 1323.80 1318.65 1313.85 1308.94 1303.85 1299.01 1293.93 1288.61 1284.18 1278.71 1272.90 1267.87 1262.88 1257.47 1252.74 1247.49 1241.69 1236.48 1231.14 1225.14 1219.64 1214.62 1208.88 1203.55 1197.92 1192.17 1186.75 1180.97 1175.47 1169.09 1164.08 1158.16 1152.45 1146.24 1140.85 1134.46 1128.66 1122.97 1116.87 1110.80 1104.78 1099.29 1093.35 1087.41 1081.45 1075.48 1069.45 1063.33 1057.11 1050.76 1044.76 1038.61 1032.91 1026.42 1020.37 1014.13 1007.67 1002.06 995.10 988.99 982.61 976.56 970.22 964.08 957.62 951.47 944.99 938.67 932.62 926.18 919.34 913.20 906.69 900.88 894.20 887.65 881.36 875.22 868.73 862.43 855.68 849.57 842.98 836.93 830.40 823.39 816.97 810.65 803.83 797.57 790.81 784.63 777.95 771.83 765.21 758.13 751.64 745.74 739.04 732.50
-1655.04 145628 100.00 109.99 120.01 130.01 139.99 149.99 159.96 169.95 179.89 189.91 199.89 209.79 219.78 229.78 239.69 249.69 259.58 269.56 279.53 289.47 299.38 309.24 319.19 329.07 339.03 348.90 358.69 368.55 378.46 388.40 398.21 408.04 417.87 427.72 437.42 447.30 457.16 466.77 476.59 486.35 496.02 505.83 515.58 525.19 534.90 544.68 554.35 563.81 573.65 583.27 592.92 602.38 612.09 621.49 631.20 640.53 650.17 659.65 669.07 678.43 687.92 697.30 706.77 716.11 725.29 734.49 743.83 753.27 762.43 771.86 780.97 790.12 799.28 808.42 817.51 826.76 835.56 844.65 854.01 862.87 871.95 880.86 889.97 898.88 907.55 916.57 925.73 934.40 943.39 952.04 960.76 969.51 978.53 987.57 996.18 1004.76 1013.53 1022.25 1030.85 1039.60 1048.22 1056.69 1065.69 1074.07 1082.24 1090.89 1099.56 1107.97 1116.81 1125.32 1133.48 1142.02 1150.48 1158.50 1166.85 1175.52 1183.71 1192.18 1200.44 1208.63 1217.04 1225.20 1233.55 1241.29 1249.99 1258.06 1266.26 1274.12 1282.56 1290.28 1298.43 1306.66 1314.58 1322.53 1330.52 1338.89 1346.94 1354.98 1363.02 1371.03 1379.01 1386.92 1394.75 1402.49 1410.49 1418.37 1426.61 1434.22 1442.19 1450.01 1457.65 1465.97 1473.20 1481.12 1488.82 1496.79 1504.53 1512.42 1520.06 1527.94 1535.57 1543.32 1551.28 1558.93 1566.26 1574.15 1581.75 1589.92 1597.37 1604.93 1612.70 1620.60 1628.21 1635.98 1643.37 1651.30 1658.82 1666.80 1674.38 1681.54 1689.21 1696.96 1704.29 1712.09 1719.47 1727.35 1734.79 1742.71 1750.21 1757.31 1764.92 1773.04 1780.46 1788.04
