# 
# Dokument z dolzinami vzmeti, casi zajemov in tockami.
# 
# Obdelane so slike v obsegu od './slikePoravnane/nelin/000-145500.jpg' do './slikePoravnane/nelin/469-150149.jpg'.
# 
# Podatki so shranjeni v sledeci obliki:
# DolzinaVzmetiY[0], Cas[0], TockeY[0]
# DolzinaVzmetiX[0], Cas[0], TockeX[0]
# DolzinaVzmetiY[1], Cas[1], TockeY[1]
# DolzinaVzmetiX[1], Cas[1], TockeX[1]
# 	...
# DolzinaVzmetiY[:], Cas[:], TockeY[:]
# DolzinaVzmetiX[:], Cas[:], TockeX[:]
# 
# Koordinate x narascajo desno, y pa navzdol.
# Ce je 'DolzinaVzmeti' 10000.0, je bil nosilec povesen preko meja slike in ni bilo mogoce zajeti vseh tock.
# Nezajete tocke imajo koordinate 10000.0.
# 
# 
-1399.91 150113 1572.98 1572.95 1572.72 1573.18 1572.23 1571.84 1572.05 1570.82 1571.11 1569.91 1570.19 1568.92 1569.08 1568.64 1567.55 1566.71 1566.11 1565.74 1564.62 1563.71 1562.99 1562.45 1561.07 1560.81 1559.65 1558.65 1557.69 1556.74 1555.76 1554.71 1553.58 1553.33 1551.95 1550.44 1549.75 1547.86 1546.69 1546.22 1544.46 1543.35 1541.85 1541.05 1538.84 1538.15 1535.99 1535.26 1532.98 1532.09 1530.60 1528.52 1526.95 1525.73 1523.90 1522.37 1520.16 1519.15 1517.33 1515.83 1513.51 1511.25 1510.02 1507.89 1505.96 1504.05 1502.14 1500.14 1498.07 1496.05 1493.87 1491.47 1489.81 1486.97 1485.04 1482.85 1480.36 1478.74 1476.78 1474.43 1471.70 1469.75 1467.33 1464.46 1462.07 1459.42 1457.23 1454.56 1452.53 1450.01 1447.92 1445.30 1442.36 1439.80 1437.79 1435.17 1431.90 1430.08 1427.56 1424.33 1421.56 1419.00 1416.66 1413.84 1411.22 1408.78 1405.84 1403.07 1400.44 1397.26 1395.08 1392.33 1389.65 1386.11 1383.81 1380.59 1377.65 1374.72 1372.05 1369.35 1366.60 1363.15 1360.54 1357.23 1354.74 1351.54 1348.22 1345.99 1342.75 1339.40 1337.11 1333.75 1330.53 1328.05 1324.77 1321.31 1318.83 1315.22 1312.57 1309.69 1305.94 1302.83 1299.75 1296.41 1293.97 1290.35 1287.64 1284.64 1281.63 1278.31 1274.96 1271.28 1268.45 1265.24 1261.94 1258.26 1255.41 1252.17 1248.84 1245.45 1242.57 1239.62 1236.29 1232.88 1229.09 1226.12 1222.75 1220.15 1216.24 1213.07 1209.77 1206.92 1203.06 1199.65 1197.00 1193.02 1189.80 1187.34 1183.51 1180.40 1176.82 1173.96 1169.74 1167.07 1162.97 1159.56 1156.82 1153.56 1150.10 1146.09 1142.83 1140.30 1136.34 1132.93 1129.68 1125.91
-78.97 150113 100.00 110.00 120.00 130.02 139.99 149.98 160.00 169.95 179.98 189.93 199.96 209.90 219.93 229.92 239.87 249.84 259.82 269.82 279.76 289.72 299.70 309.68 319.60 329.62 339.56 349.51 359.46 369.41 379.37 389.31 399.25 409.28 419.19 429.08 439.07 448.91 458.84 468.87 478.72 488.66 498.55 508.53 518.32 528.33 538.11 548.12 557.88 567.87 577.76 587.55 597.43 607.36 617.19 627.08 636.84 646.82 656.65 666.54 676.28 686.03 695.98 705.75 715.56 725.38 735.20 744.99 754.78 764.57 774.33 784.04 793.92 803.53 813.34 823.10 832.79 842.68 852.49 862.21 871.84 881.66 891.36 900.95 910.66 920.31 930.07 939.70 949.51 959.19 968.97 978.62 988.19 997.86 1007.67 1017.32 1026.80 1036.67 1046.34 1055.83 1065.43 1075.10 1084.83 1094.43 1104.08 1113.78 1123.34 1132.95 1142.60 1152.09 1161.87 1171.48 1181.12 1190.50 1200.25 1209.72 1219.28 1228.84 1238.48 1248.12 1257.73 1267.13 1276.79 1286.24 1295.93 1305.41 1314.85 1324.63 1334.09 1343.53 1353.29 1362.71 1372.18 1381.88 1391.34 1400.73 1410.43 1419.78 1429.43 1439.01 1448.30 1457.81 1467.32 1476.75 1486.47 1495.81 1505.45 1514.99 1524.53 1533.96 1543.38 1552.70 1562.30 1571.77 1581.21 1590.52 1600.11 1609.57 1619.00 1628.41 1638.00 1647.56 1656.98 1666.39 1675.66 1685.21 1694.63 1704.31 1713.54 1723.03 1732.46 1742.06 1751.31 1760.71 1770.37 1779.57 1789.04 1798.78 1808.03 1817.54 1826.88 1836.48 1845.59 1855.25 1864.41 1873.81 1883.45 1892.90 1902.29 1911.47 1920.93 1930.64 1939.84 1949.24 1958.70 1967.97
-1389.55 150114 1572.92 1572.79 1572.42 1572.74 1572.67 1572.18 1571.27 1570.89 1571.04 1569.71 1569.84 1569.36 1568.27 1567.55 1567.15 1566.98 1566.01 1565.25 1564.73 1563.42 1562.26 1562.20 1561.28 1560.48 1558.74 1558.13 1557.55 1555.96 1555.31 1554.53 1553.62 1552.55 1551.31 1549.88 1548.21 1547.29 1546.09 1544.62 1543.80 1542.64 1541.22 1539.39 1538.09 1536.30 1534.99 1534.09 1532.57 1530.46 1528.86 1527.60 1525.71 1524.13 1522.83 1520.83 1519.07 1517.46 1515.16 1513.93 1511.80 1509.70 1507.63 1505.76 1503.87 1501.96 1499.96 1497.79 1495.68 1493.38 1491.79 1488.99 1487.08 1484.92 1482.47 1480.64 1478.67 1476.34 1473.62 1471.43 1469.00 1466.14 1463.75 1462.03 1458.85 1457.02 1454.63 1451.91 1449.55 1446.60 1444.23 1441.27 1438.87 1436.74 1433.99 1431.48 1428.51 1425.74 1423.37 1420.23 1418.17 1415.59 1412.20 1409.90 1407.08 1404.40 1401.17 1398.97 1395.91 1393.15 1390.43 1387.06 1384.60 1381.19 1378.90 1375.61 1372.56 1369.43 1367.38 1364.31 1361.12 1358.07 1354.83 1351.69 1348.64 1345.42 1343.20 1339.91 1336.44 1333.97 1330.39 1327.75 1323.97 1321.10 1317.96 1314.80 1311.34 1308.79 1305.02 1302.13 1298.90 1295.61 1293.17 1289.48 1286.31 1283.09 1279.81 1276.13 1273.24 1269.97 1266.58 1263.63 1260.52 1256.94 1253.20 1250.19 1246.70 1243.91 1239.76 1237.21 1233.29 1230.07 1226.67 1223.68 1220.49 1216.78 1213.72 1210.13 1206.32 1203.16 1199.46 1196.43 1192.89 1190.05 1186.12 1182.53 1179.60 1176.15 1172.43 1169.33 1165.65 1162.62 1159.04 1155.19 1151.89 1148.84 1145.49 1141.51 1138.10 1134.38 1131.27 1127.60 1124.55 1120.92 1117.91 1114.55
-201.78 150114 100.00 110.00 119.99 130.01 140.01 150.00 159.97 169.96 179.98 189.93 199.95 209.94 219.89 229.86 239.86 249.87 259.83 269.80 279.79 289.72 299.66 309.69 319.64 329.61 339.49 349.48 359.47 369.36 379.35 389.32 399.28 409.23 419.15 429.05 438.92 448.88 458.81 468.70 478.68 488.62 498.52 508.36 518.27 528.12 538.03 548.01 557.90 567.69 577.56 587.48 597.31 607.18 617.10 626.91 636.75 646.62 656.36 666.31 676.08 685.86 695.65 705.47 715.29 725.11 734.90 744.67 754.44 764.17 774.06 783.68 793.51 803.27 812.97 822.81 832.62 842.34 851.97 861.73 871.43 881.03 890.74 900.62 910.13 919.98 929.69 939.31 949.03 958.60 968.32 977.88 987.59 997.37 1006.98 1016.66 1026.22 1035.83 1045.55 1055.05 1064.86 1074.53 1083.96 1093.70 1103.30 1112.93 1122.41 1132.18 1141.71 1151.31 1160.94 1170.37 1180.07 1189.49 1199.24 1208.70 1218.22 1227.72 1237.55 1247.07 1256.55 1266.07 1275.54 1285.03 1294.56 1304.02 1313.81 1323.26 1332.65 1342.36 1351.71 1361.37 1370.65 1380.24 1389.73 1399.22 1408.61 1418.30 1427.58 1437.16 1446.62 1456.06 1465.80 1475.10 1484.59 1494.06 1503.50 1512.81 1522.39 1531.85 1541.25 1550.81 1560.32 1569.66 1578.95 1588.49 1597.86 1607.48 1616.62 1626.33 1635.55 1645.01 1654.42 1663.97 1673.45 1682.74 1692.27 1701.60 1710.86 1720.35 1729.65 1739.19 1748.54 1758.15 1767.36 1776.69 1786.27 1795.65 1804.94 1814.45 1823.76 1833.30 1842.64 1851.87 1861.32 1870.85 1880.27 1889.46 1898.86 1908.15 1917.66 1926.96 1936.50 1945.82 1955.36 1964.78
-1382.31 150115 1573.10 1573.18 1573.04 1572.59 1572.69 1572.33 1571.55 1571.29 1570.53 1570.22 1569.37 1568.92 1568.85 1568.16 1567.76 1566.58 1565.63 1564.87 1564.30 1563.97 1562.79 1561.74 1560.82 1560.06 1559.37 1558.70 1557.02 1556.28 1555.45 1554.51 1553.41 1552.13 1550.65 1549.95 1548.05 1546.88 1545.42 1544.62 1543.49 1542.12 1540.34 1539.10 1537.38 1536.11 1534.29 1532.88 1531.83 1530.18 1528.03 1527.15 1525.62 1523.44 1521.54 1519.85 1518.32 1516.15 1515.07 1513.10 1511.16 1509.21 1507.28 1505.55 1502.81 1500.93 1498.94 1496.99 1494.86 1492.48 1490.78 1487.86 1485.81 1483.45 1481.69 1479.56 1477.26 1474.54 1472.32 1469.86 1467.86 1465.39 1462.44 1460.15 1457.32 1455.10 1452.33 1449.91 1447.83 1445.32 1442.14 1440.43 1437.10 1434.91 1432.01 1429.59 1426.47 1423.82 1421.35 1418.10 1416.14 1413.35 1409.74 1407.39 1404.20 1402.26 1399.42 1395.70 1393.23 1390.78 1387.67 1384.53 1381.64 1378.68 1375.93 1373.07 1370.09 1367.27 1364.29 1361.41 1358.36 1355.42 1352.29 1349.25 1345.99 1342.82 1339.46 1337.08 1333.56 1330.99 1327.26 1324.46 1321.36 1318.23 1314.77 1311.27 1308.34 1305.34 1302.02 1298.67 1295.83 1292.01 1288.68 1286.13 1282.27 1279.18 1275.95 1272.28 1269.38 1266.06 1262.60 1259.56 1256.36 1252.67 1249.70 1246.54 1242.88 1239.90 1236.40 1232.68 1229.59 1225.98 1223.01 1218.65 1215.81 1212.70 1209.06 1205.19 1201.62 1198.68 1195.47 1191.69 1188.56 1184.85 1181.77 1178.09 1174.14 1170.78 1168.00 1164.57 1160.84 1157.37 1153.61 1150.41 1146.52 1143.19 1139.54 1136.11 1132.36 1129.15 1125.31 1122.05 1118.13 1114.80 1112.24 1108.31
-232.91 150115 100.00 110.00 120.00 129.99 140.00 149.99 159.97 169.97 179.94 189.94 199.91 209.90 219.91 229.89 239.88 249.82 259.78 269.75 279.74 289.74 299.68 309.63 319.59 329.56 339.54 349.52 359.40 369.38 379.35 389.30 399.24 409.16 419.05 429.04 438.88 448.82 458.71 468.69 478.63 488.53 498.38 508.31 518.16 528.08 537.92 547.82 557.78 567.64 577.42 587.42 597.30 607.07 616.89 626.75 636.63 646.40 656.37 666.18 675.99 685.80 695.61 705.46 715.11 724.93 734.73 744.54 754.31 764.03 773.89 783.48 793.28 802.99 812.85 822.62 832.35 841.98 851.74 861.43 871.24 880.93 890.50 900.23 909.83 919.59 929.20 938.90 948.70 958.38 967.88 977.77 987.23 997.00 1006.57 1016.28 1025.79 1035.43 1045.13 1054.60 1064.44 1074.04 1083.41 1093.14 1102.63 1112.48 1122.07 1131.40 1141.09 1150.80 1160.30 1169.80 1179.38 1188.93 1198.55 1208.13 1217.68 1227.27 1236.81 1246.39 1255.92 1265.48 1274.97 1284.50 1293.96 1303.44 1312.86 1322.61 1331.98 1341.66 1350.96 1360.56 1370.07 1379.57 1388.96 1398.33 1407.89 1417.44 1426.87 1436.29 1445.89 1455.15 1464.58 1474.28 1483.53 1493.04 1502.50 1511.81 1521.39 1530.83 1540.21 1549.74 1559.22 1568.52 1578.07 1587.57 1596.87 1606.43 1615.80 1625.09 1634.61 1643.93 1653.49 1662.55 1672.15 1681.67 1690.98 1700.21 1709.56 1719.13 1728.61 1737.87 1747.37 1756.66 1766.18 1775.49 1784.69 1794.11 1803.74 1813.14 1822.42 1831.80 1841.07 1850.55 1859.77 1869.20 1878.51 1887.91 1897.18 1906.65 1915.89 1925.35 1934.56 1943.99 1953.70 1962.91
-1356.60 150116 1572.97 1572.90 1572.60 1572.97 1571.92 1572.38 1571.37 1570.88 1570.87 1570.29 1569.13 1569.34 1567.91 1567.82 1567.02 1566.43 1565.01 1564.77 1563.68 1562.76 1561.95 1561.25 1560.65 1559.25 1558.83 1557.39 1556.88 1555.32 1554.60 1553.69 1552.54 1551.14 1549.52 1548.63 1547.43 1545.89 1543.99 1542.82 1542.24 1540.26 1538.77 1537.71 1536.09 1534.84 1533.00 1531.49 1529.42 1527.64 1526.12 1524.84 1522.82 1520.98 1519.27 1517.90 1515.65 1513.42 1512.12 1509.83 1507.70 1505.49 1504.12 1501.66 1499.04 1497.41 1495.55 1493.41 1490.94 1488.35 1486.33 1483.89 1482.00 1478.95 1477.30 1474.23 1471.80 1469.74 1467.15 1464.21 1461.56 1459.27 1456.60 1454.18 1451.09 1449.38 1445.99 1443.69 1440.89 1438.23 1435.76 1432.77 1429.88 1427.35 1424.00 1421.91 1418.95 1416.00 1413.30 1410.57 1406.89 1404.36 1401.75 1398.42 1395.88 1392.61 1389.20 1386.81 1383.35 1380.90 1377.35 1374.79 1371.14 1368.45 1365.52 1362.29 1359.06 1355.54 1352.89 1349.01 1345.97 1342.87 1339.39 1336.74 1333.70 1330.53 1326.96 1323.28 1320.35 1316.98 1313.46 1310.34 1307.07 1303.31 1300.24 1296.66 1293.75 1290.60 1286.89 1283.80 1280.15 1276.24 1272.94 1269.92 1266.61 1262.71 1259.40 1255.77 1252.35 1248.62 1245.42 1241.56 1238.20 1234.48 1230.92 1227.82 1224.02 1220.70 1217.00 1213.44 1209.47 1205.98 1202.97 1199.26 1195.13 1192.31 1187.84 1184.64 1180.70 1177.17 1174.02 1170.12 1166.66 1162.79 1159.37 1155.18 1152.24 1147.67 1144.72 1140.92 1137.49 1133.23 1130.21 1126.70 1122.33 1118.26 1115.39 1111.13 1108.06 1104.09 1100.46 1096.00 1092.77 1089.03 1085.64 1081.60
-371.64 150116 100.00 110.00 119.99 130.01 139.98 150.01 159.97 169.96 179.97 189.95 199.90 209.93 219.87 229.88 239.85 249.83 259.75 269.77 279.71 289.67 299.64 309.61 319.60 329.51 339.52 349.42 359.42 369.31 379.30 389.26 399.19 409.09 418.97 428.94 438.86 448.75 458.58 468.52 478.53 488.35 498.24 508.19 518.06 527.99 537.82 547.70 557.50 567.34 577.22 587.15 596.95 606.78 616.63 626.55 636.30 646.05 655.99 665.73 675.50 685.26 695.19 704.89 714.55 724.43 734.26 744.03 753.72 763.39 773.19 782.89 792.72 802.26 812.16 821.70 831.40 841.19 850.85 860.42 870.06 879.80 889.44 899.14 908.66 918.57 928.00 937.74 947.34 956.99 966.68 976.22 985.80 995.48 1004.92 1014.73 1024.28 1033.83 1043.46 1053.08 1062.42 1072.10 1081.76 1091.20 1100.88 1110.34 1119.75 1129.48 1138.87 1148.59 1157.95 1167.63 1176.96 1186.60 1196.16 1205.63 1215.09 1224.46 1234.12 1243.37 1252.89 1262.40 1271.78 1281.44 1290.97 1300.46 1309.80 1319.11 1328.68 1338.10 1347.46 1356.96 1366.41 1375.69 1385.21 1394.55 1404.13 1413.63 1422.92 1432.44 1441.75 1450.97 1460.40 1469.95 1479.39 1488.61 1498.04 1507.36 1516.76 1526.04 1535.53 1544.75 1554.18 1563.46 1572.80 1582.33 1591.58 1601.01 1610.30 1619.65 1628.84 1638.21 1647.77 1657.05 1666.18 1675.81 1684.80 1694.29 1703.48 1712.84 1722.35 1731.56 1740.94 1750.17 1759.57 1768.67 1778.25 1787.20 1796.79 1806.04 1815.44 1824.51 1834.07 1843.43 1852.45 1861.59 1871.22 1880.28 1889.83 1899.01 1908.33 1917.32 1926.80 1936.07 1945.48 1954.64
-1323.30 150118 1573.13 1573.24 1573.07 1572.55 1572.56 1572.04 1571.03 1571.51 1570.47 1569.84 1569.58 1568.65 1568.06 1567.77 1566.75 1565.92 1565.26 1564.73 1563.36 1563.08 1561.85 1560.65 1559.55 1558.46 1558.32 1557.11 1555.77 1554.26 1553.50 1552.51 1551.24 1549.66 1548.71 1547.41 1545.71 1544.61 1543.23 1541.39 1540.02 1539.06 1537.50 1535.32 1533.44 1531.81 1530.58 1528.60 1526.83 1525.28 1523.85 1521.57 1519.57 1517.65 1515.78 1513.90 1511.94 1510.07 1508.07 1505.91 1503.56 1501.97 1499.40 1497.51 1495.31 1492.76 1491.01 1487.90 1486.20 1483.04 1480.54 1478.42 1475.72 1473.59 1470.82 1468.31 1465.38 1462.66 1460.38 1457.35 1454.46 1451.95 1449.54 1446.27 1444.23 1441.33 1438.73 1435.23 1432.62 1429.37 1427.00 1423.93 1420.78 1417.80 1414.71 1411.80 1408.73 1405.75 1402.57 1400.39 1397.04 1393.43 1390.72 1386.81 1383.80 1380.79 1377.42 1374.90 1371.15 1368.19 1364.84 1361.38 1358.37 1355.19 1351.53 1348.54 1345.01 1341.26 1338.17 1334.52 1331.50 1327.88 1324.86 1321.58 1317.71 1314.42 1310.51 1307.20 1303.59 1300.51 1296.78 1293.52 1289.56 1286.06 1283.00 1279.16 1275.74 1271.88 1268.07 1264.68 1260.82 1257.01 1253.58 1249.65 1246.07 1242.49 1238.38 1234.61 1231.15 1227.63 1223.55 1219.75 1215.85 1212.18 1208.76 1204.71 1200.56 1196.66 1192.99 1189.55 1185.18 1181.88 1177.94 1174.22 1170.37 1166.71 1162.39 1159.09 1154.78 1150.66 1146.76 1143.05 1139.55 1135.06 1131.62 1127.51 1123.57 1119.80 1115.80 1111.93 1108.16 1104.55 1100.24 1096.51 1092.03 1088.47 1085.01 1080.83 1076.42 1072.94 1068.74 1064.71 1060.77 1056.93 1052.91 1049.30
-491.98 150118 100.00 110.00 120.00 129.99 140.00 149.98 159.95 169.98 179.94 189.92 199.92 209.88 219.87 229.87 239.82 249.79 259.77 269.76 279.68 289.69 299.62 309.55 319.49 329.43 339.47 349.40 359.31 369.20 379.19 389.14 399.06 408.94 418.90 428.81 438.68 448.62 458.52 468.36 478.27 488.24 498.11 507.89 517.72 527.58 537.52 547.32 557.17 567.05 576.95 586.70 596.50 606.31 616.14 625.96 635.76 645.59 655.39 665.15 674.87 684.76 694.44 704.26 714.01 723.69 733.55 743.09 752.97 762.49 772.17 781.95 791.58 801.36 810.97 820.65 830.22 839.84 849.59 859.12 868.69 878.38 888.09 897.55 907.38 916.95 926.61 936.00 945.65 955.12 964.85 974.37 983.86 993.41 1002.92 1012.49 1022.00 1031.55 1041.03 1050.84 1060.26 1069.60 1079.24 1088.48 1098.01 1107.55 1116.97 1126.67 1135.96 1145.52 1154.94 1164.32 1173.86 1183.35 1192.66 1202.21 1211.57 1220.84 1230.36 1239.68 1249.22 1258.54 1268.08 1277.53 1286.76 1296.21 1305.43 1314.86 1324.19 1333.72 1343.00 1352.46 1361.65 1371.02 1380.55 1389.79 1399.19 1408.42 1417.67 1427.08 1436.30 1445.55 1454.95 1464.15 1473.49 1482.82 1491.95 1501.21 1510.60 1519.96 1529.10 1538.35 1547.56 1556.86 1566.27 1575.41 1584.52 1593.73 1603.03 1612.43 1621.44 1630.90 1640.09 1649.38 1658.60 1667.92 1676.95 1686.41 1695.44 1704.56 1713.76 1723.06 1732.43 1741.39 1750.79 1759.91 1769.10 1778.37 1787.53 1796.75 1806.02 1815.35 1824.38 1833.67 1842.62 1851.98 1861.38 1870.46 1879.45 1888.84 1897.92 1907.07 1916.26 1925.50 1934.66 1943.98
-1303.47 150118 1573.25 1573.47 1573.41 1572.99 1572.11 1571.72 1571.85 1571.48 1570.58 1570.08 1569.93 1569.08 1568.50 1567.22 1567.13 1566.20 1565.39 1564.68 1563.07 1562.55 1561.09 1560.72 1559.36 1558.95 1557.47 1556.87 1555.16 1554.21 1553.04 1551.59 1550.79 1549.63 1548.07 1546.11 1544.81 1544.03 1541.76 1540.93 1539.56 1537.59 1535.96 1534.63 1532.61 1530.95 1529.41 1526.99 1525.63 1523.36 1522.29 1520.29 1518.30 1516.34 1514.36 1512.33 1510.38 1508.26 1505.92 1503.25 1501.49 1499.45 1497.07 1494.29 1492.29 1489.89 1487.96 1485.52 1482.68 1480.16 1477.04 1475.37 1472.06 1470.13 1467.49 1464.10 1462.05 1459.18 1456.36 1452.94 1450.46 1447.32 1445.07 1441.87 1438.90 1435.88 1433.05 1430.07 1427.24 1424.23 1421.31 1418.18 1415.12 1411.80 1408.53 1405.91 1402.09 1399.16 1396.17 1392.82 1389.40 1386.50 1383.47 1380.01 1376.44 1373.32 1370.06 1366.62 1363.58 1360.36 1356.62 1353.53 1349.88 1346.83 1343.50 1339.52 1336.09 1332.32 1328.74 1325.66 1321.85 1318.52 1314.78 1311.49 1307.45 1303.85 1300.69 1296.76 1293.24 1289.25 1285.31 1281.72 1278.47 1274.32 1270.46 1266.89 1263.61 1259.41 1255.47 1251.82 1248.45 1244.15 1240.96 1237.13 1233.14 1229.35 1225.76 1221.50 1217.42 1214.34 1210.25 1206.32 1202.51 1197.62 1194.01 1190.15 1186.41 1182.77 1178.37 1174.93 1170.36 1166.70 1162.26 1158.72 1154.36 1150.85 1146.17 1142.32 1138.55 1134.82 1130.26 1126.57 1122.54 1118.53 1114.54 1110.54 1106.52 1102.48 1098.08 1093.62 1089.98 1085.50 1081.84 1077.29 1073.52 1069.71 1064.62 1061.53 1057.17 1052.74 1048.28 1044.64 1040.96 1036.37 1032.62 1028.47
-552.62 150118 100.00 110.00 120.00 129.99 139.97 149.96 159.98 169.97 179.94 189.92 199.93 209.90 219.88 229.81 239.84 249.80 259.76 269.74 279.63 289.63 299.54 309.55 319.46 329.47 339.37 349.36 359.23 369.19 379.12 389.02 399.00 408.93 418.81 428.63 438.55 448.54 458.31 468.30 478.21 488.02 497.89 507.81 517.60 527.47 537.35 547.07 556.99 566.74 576.72 586.51 596.32 606.12 615.92 625.71 635.52 645.30 655.02 664.67 674.52 684.32 694.03 703.65 713.45 723.16 732.98 742.68 752.28 761.95 771.47 781.38 790.84 800.68 810.32 819.76 829.57 839.15 848.75 858.16 867.86 877.36 887.13 896.60 906.15 915.69 925.28 934.82 944.42 953.95 963.52 973.02 982.54 991.97 1001.43 1011.09 1020.36 1029.92 1039.47 1048.89 1058.29 1067.87 1077.40 1086.79 1096.13 1105.63 1115.09 1124.48 1134.01 1143.48 1152.76 1162.28 1171.59 1181.12 1190.55 1199.74 1209.14 1218.40 1227.74 1237.27 1246.52 1255.95 1265.23 1274.68 1283.83 1293.16 1302.67 1311.87 1321.23 1330.40 1339.60 1348.93 1358.40 1367.51 1376.74 1386.08 1395.54 1404.63 1413.82 1423.13 1432.56 1441.61 1451.10 1460.34 1469.51 1478.77 1488.11 1497.16 1506.29 1515.85 1524.98 1534.17 1543.42 1552.20 1561.53 1570.76 1580.04 1589.36 1598.35 1607.75 1616.68 1625.99 1634.96 1644.33 1653.33 1662.72 1671.58 1680.81 1690.08 1699.36 1708.28 1717.58 1726.73 1735.89 1745.06 1754.23 1763.39 1772.54 1781.52 1790.48 1799.81 1808.76 1818.07 1827.00 1836.27 1845.52 1854.19 1863.77 1872.77 1881.74 1890.70 1900.03 1909.34 1918.24 1927.52 1936.62
-1275.96 150119 1573.30 1573.54 1573.53 1573.11 1572.20 1571.71 1571.67 1571.09 1570.95 1570.21 1568.86 1568.80 1568.02 1567.48 1566.06 1565.72 1564.46 1564.25 1563.07 1561.95 1560.88 1559.78 1558.62 1557.35 1556.93 1555.33 1554.49 1553.37 1551.97 1550.20 1549.03 1547.44 1546.38 1544.99 1544.08 1541.66 1540.63 1539.03 1537.75 1535.79 1534.11 1532.80 1530.69 1528.73 1526.85 1525.04 1523.29 1521.72 1519.16 1517.52 1515.78 1512.98 1511.19 1509.20 1507.00 1504.51 1502.85 1499.86 1498.36 1495.51 1493.42 1490.84 1488.71 1486.03 1483.92 1481.19 1477.79 1475.75 1472.95 1470.53 1467.27 1465.06 1462.26 1459.50 1456.07 1453.55 1450.08 1447.69 1444.28 1441.90 1438.45 1436.01 1432.45 1429.86 1426.13 1423.31 1420.22 1417.11 1413.67 1411.04 1407.14 1404.03 1400.54 1397.85 1393.82 1391.41 1387.59 1384.46 1381.09 1377.16 1373.82 1371.08 1366.86 1364.10 1359.82 1356.95 1353.72 1349.79 1346.35 1342.49 1338.75 1335.44 1331.68 1327.94 1324.56 1320.66 1317.10 1313.51 1309.34 1305.45 1301.83 1298.14 1294.70 1290.68 1286.54 1282.65 1279.02 1275.60 1271.16 1267.74 1263.64 1259.67 1255.80 1252.03 1247.99 1244.08 1240.26 1236.53 1231.67 1228.04 1224.09 1220.16 1216.19 1212.22 1208.25 1203.89 1199.51 1195.96 1191.56 1187.98 1183.50 1179.76 1174.72 1170.79 1166.77 1162.25 1158.80 1154.04 1150.00 1145.83 1141.54 1137.94 1133.39 1129.49 1125.40 1120.75 1117.14 1112.17 1108.22 1103.73 1099.93 1095.15 1091.04 1086.77 1083.12 1078.46 1074.42 1070.15 1065.66 1061.77 1057.66 1053.29 1048.66 1044.56 1040.19 1035.59 1031.53 1027.21 1022.26 1018.29 1014.08 1009.67 1005.94 1000.96
-623.52 150119 100.00 110.00 120.00 130.00 139.96 149.95 159.96 169.95 179.96 189.93 199.87 209.88 219.85 229.84 239.76 249.77 259.69 269.72 279.65 289.59 299.53 309.47 319.40 329.32 339.34 349.22 359.19 369.13 379.03 388.88 398.82 408.69 418.64 428.55 438.52 448.27 458.23 468.10 478.02 487.83 497.69 507.61 517.40 527.20 537.02 546.86 556.70 566.59 576.27 586.14 596.00 605.63 615.47 625.27 635.03 644.72 654.60 664.16 674.09 683.69 693.47 703.14 712.91 722.55 732.33 741.95 751.39 761.20 770.80 780.51 789.98 799.75 809.35 818.96 828.37 838.06 847.45 857.18 866.59 876.33 885.72 895.44 904.80 914.47 923.77 933.38 942.88 952.39 961.78 971.45 980.68 990.19 999.57 1009.22 1018.40 1028.15 1037.41 1046.91 1056.33 1065.54 1074.96 1084.61 1093.71 1103.35 1112.43 1122.03 1131.50 1140.71 1150.10 1159.33 1168.60 1178.05 1187.31 1196.59 1206.01 1215.22 1224.56 1233.90 1243.00 1252.21 1261.54 1270.83 1280.23 1289.38 1298.50 1307.71 1317.03 1326.44 1335.42 1344.83 1353.95 1363.13 1372.35 1381.62 1390.76 1399.97 1409.21 1418.50 1427.29 1436.61 1445.80 1454.99 1464.18 1473.35 1482.53 1491.54 1500.53 1509.90 1518.89 1528.24 1537.19 1546.47 1555.17 1564.37 1573.53 1582.45 1591.87 1600.69 1609.84 1618.93 1627.96 1637.31 1646.23 1655.44 1664.57 1673.43 1682.79 1691.50 1700.69 1709.63 1718.89 1727.70 1736.82 1745.86 1755.19 1764.05 1773.20 1782.25 1791.18 1800.41 1809.52 1818.52 1827.39 1836.51 1845.51 1854.39 1863.54 1872.56 1881.27 1890.46 1899.53 1908.51 1917.80 1926.52
-1228.76 150120 1572.52 1573.01 1572.22 1572.03 1571.34 1571.08 1570.28 1569.88 1569.88 1569.25 1567.97 1567.92 1567.09 1566.41 1564.83 1564.30 1563.77 1562.28 1561.76 1560.30 1559.73 1558.06 1557.22 1556.21 1554.95 1553.39 1552.48 1551.21 1549.52 1548.32 1546.57 1545.35 1543.57 1542.17 1540.14 1539.38 1536.96 1535.80 1533.89 1532.35 1529.98 1528.66 1526.41 1525.10 1522.74 1520.49 1519.03 1516.41 1514.52 1512.60 1510.43 1508.01 1505.31 1503.43 1501.13 1498.34 1496.22 1493.52 1491.14 1489.03 1486.49 1483.25 1480.46 1477.85 1475.34 1472.26 1470.14 1467.06 1464.19 1461.25 1458.50 1455.62 1451.95 1448.98 1446.02 1442.79 1439.56 1436.87 1433.18 1429.97 1426.62 1423.72 1420.66 1417.14 1413.41 1410.37 1406.80 1403.89 1400.39 1396.59 1393.32 1389.38 1385.94 1382.97 1379.26 1375.11 1372.25 1367.73 1364.47 1360.70 1356.94 1353.49 1349.50 1345.78 1341.96 1338.38 1334.18 1331.08 1326.97 1323.03 1319.28 1315.67 1311.01 1307.27 1303.58 1299.12 1295.56 1292.01 1287.27 1283.35 1279.40 1275.43 1271.42 1267.37 1262.87 1258.69 1254.06 1250.55 1246.52 1242.33 1237.98 1233.46 1229.56 1225.44 1221.11 1216.54 1212.57 1208.36 1203.91 1199.19 1195.02 1190.58 1186.68 1182.49 1178.01 1173.20 1168.87 1165.01 1160.01 1155.42 1151.24 1146.66 1142.45 1137.84 1133.61 1128.93 1124.64 1119.93 1115.60 1110.87 1106.51 1102.11 1097.27 1092.74 1088.50 1083.74 1079.26 1074.27 1069.58 1065.61 1060.76 1056.63 1051.63 1047.33 1042.56 1038.06 1033.82 1029.04 1024.51 1019.44 1015.01 1010.78 1005.96 1001.32 996.12 991.89 987.11 982.96 978.27 973.06 968.87 964.13 959.66 954.76
-719.67 150120 100.00 110.01 119.99 129.99 139.96 149.96 159.94 169.93 179.95 189.93 199.86 209.88 219.85 229.83 239.73 249.72 259.72 269.62 279.62 289.52 299.51 309.39 319.36 329.31 339.23 349.11 359.08 369.00 378.86 388.79 398.64 408.57 418.41 428.31 438.11 448.13 457.86 467.81 477.62 487.51 497.24 507.16 516.91 526.85 536.58 546.32 556.24 565.90 575.72 585.54 595.30 605.01 614.65 624.48 634.21 643.82 653.60 663.23 672.94 682.73 692.40 701.89 711.49 721.14 730.83 740.35 750.15 759.66 769.24 778.80 788.42 797.99 807.32 816.87 826.42 835.89 845.35 855.00 864.31 873.78 883.20 892.78 902.30 911.66 920.95 930.48 939.83 949.41 958.78 968.03 977.49 986.69 996.08 1005.65 1014.93 1024.05 1033.67 1042.64 1052.10 1061.36 1070.63 1080.02 1089.20 1098.48 1107.72 1117.06 1126.15 1135.69 1144.81 1154.00 1163.27 1172.60 1181.48 1190.76 1200.06 1209.02 1218.38 1227.75 1236.58 1245.78 1254.97 1264.15 1273.31 1282.45 1291.40 1300.48 1309.36 1318.75 1327.90 1336.98 1345.99 1354.92 1364.13 1373.25 1382.26 1391.16 1400.34 1409.42 1418.37 1427.20 1436.29 1445.25 1454.47 1463.56 1472.50 1481.28 1490.29 1499.54 1508.22 1517.11 1526.20 1535.09 1544.16 1553.04 1562.10 1570.94 1579.98 1588.80 1597.82 1606.63 1615.63 1624.61 1633.37 1642.29 1651.35 1660.15 1669.09 1677.77 1686.60 1695.80 1704.55 1713.67 1722.35 1731.38 1740.17 1749.10 1758.17 1766.95 1775.87 1784.50 1793.47 1802.55 1811.31 1820.17 1828.73 1837.81 1846.59 1855.70 1864.54 1873.10 1882.19 1891.00 1899.95 1908.67
-1170.74 150122 1572.73 1572.46 1572.86 1571.87 1572.33 1571.20 1570.51 1570.19 1569.22 1568.54 1568.12 1567.89 1566.82 1565.87 1564.95 1563.97 1562.94 1561.81 1560.68 1559.42 1558.95 1557.24 1556.25 1554.93 1553.24 1552.12 1550.55 1549.46 1547.84 1546.78 1545.08 1543.68 1541.56 1539.67 1537.94 1536.34 1535.05 1532.87 1530.73 1528.60 1526.40 1525.25 1522.99 1520.50 1518.71 1516.60 1514.35 1511.72 1509.63 1507.09 1504.37 1502.12 1499.34 1497.17 1494.34 1491.73 1489.52 1486.48 1483.75 1481.05 1478.33 1475.85 1472.38 1470.01 1466.55 1464.07 1460.41 1457.65 1454.52 1451.01 1447.35 1444.47 1441.11 1437.56 1434.32 1430.75 1427.74 1424.06 1420.88 1416.97 1413.48 1409.53 1406.01 1402.54 1398.57 1394.94 1391.28 1387.95 1384.02 1380.36 1375.72 1372.09 1368.63 1364.49 1360.47 1357.00 1352.74 1348.51 1345.15 1340.60 1337.22 1332.60 1328.78 1324.09 1320.13 1316.03 1311.80 1307.41 1303.66 1299.71 1295.13 1290.69 1286.81 1282.26 1277.43 1273.47 1268.78 1264.91 1260.25 1255.60 1251.35 1246.66 1242.33 1237.57 1233.18 1228.35 1223.84 1219.59 1214.84 1210.75 1205.71 1201.28 1196.26 1191.42 1186.77 1182.67 1177.52 1172.94 1168.51 1163.42 1158.43 1153.96 1149.55 1144.44 1139.40 1134.81 1130.25 1125.71 1120.41 1115.14 1111.05 1106.15 1101.19 1096.16 1091.50 1086.00 1081.61 1076.37 1071.84 1066.50 1061.52 1056.44 1052.02 1046.71 1041.68 1036.49 1032.33 1027.29 1022.15 1016.89 1011.95 1006.89 1001.72 996.82 991.75 986.93 981.89 976.62 972.34 967.11 961.66 956.41 951.65 946.66 941.13 936.09 931.23 926.14 920.84 915.77 910.49 906.21 901.05 895.74
-829.78 150122 100.00 110.00 120.01 129.98 140.01 149.97 159.94 169.94 179.90 189.88 199.87 209.88 219.83 229.78 239.74 249.69 259.64 269.58 279.51 289.43 299.45 309.31 319.27 329.18 339.04 348.98 358.86 368.81 378.68 388.63 398.49 408.39 418.17 427.99 437.84 447.72 457.65 467.41 477.18 486.96 496.71 506.69 516.43 526.12 535.97 545.74 555.49 565.14 574.92 584.60 594.23 603.97 613.58 623.35 632.95 642.60 652.37 661.90 671.52 681.15 690.77 700.47 709.87 719.60 728.99 738.70 748.02 757.64 767.14 776.51 785.83 795.41 804.83 814.18 823.64 832.98 842.54 851.83 861.32 870.53 879.91 889.10 898.46 907.84 917.03 926.34 935.65 945.09 954.29 963.59 972.49 981.82 991.21 1000.32 1009.48 1018.87 1027.92 1036.99 1046.43 1055.35 1064.79 1073.68 1082.93 1091.78 1100.97 1110.09 1119.15 1128.14 1137.43 1146.62 1155.51 1164.47 1173.71 1182.61 1191.38 1200.58 1209.42 1218.66 1227.51 1236.37 1245.42 1254.26 1263.27 1272.07 1281.06 1289.82 1298.74 1307.80 1316.60 1325.75 1334.40 1343.37 1352.02 1360.78 1369.63 1378.78 1387.37 1396.26 1405.22 1413.84 1422.51 1431.46 1440.45 1449.05 1457.69 1466.58 1475.49 1484.40 1492.90 1501.41 1510.58 1519.30 1527.98 1536.62 1545.47 1553.85 1562.86 1571.39 1580.31 1588.78 1597.45 1606.07 1615.06 1623.54 1632.19 1640.74 1649.88 1658.52 1667.10 1675.61 1684.30 1692.93 1701.49 1710.21 1718.83 1727.60 1736.23 1744.74 1753.82 1762.35 1770.74 1779.25 1788.06 1796.72 1805.07 1813.71 1822.45 1831.06 1839.54 1848.16 1856.66 1865.74 1874.31 1882.78
-1148.98 150123 1573.11 1573.19 1572.98 1572.31 1572.10 1571.24 1570.75 1570.59 1569.74 1569.12 1568.76 1567.59 1566.53 1565.56 1564.60 1563.56 1563.45 1562.22 1560.92 1559.46 1558.79 1556.85 1555.58 1554.97 1552.97 1551.55 1550.64 1549.18 1547.14 1545.59 1544.34 1542.35 1540.60 1539.02 1537.56 1535.21 1534.09 1532.02 1529.92 1527.73 1525.40 1524.06 1521.58 1519.76 1517.60 1515.27 1512.54 1510.32 1507.62 1505.56 1502.95 1500.70 1498.07 1495.72 1492.65 1489.93 1487.28 1484.92 1481.64 1478.30 1476.05 1472.75 1469.56 1467.07 1463.68 1459.98 1457.10 1453.82 1451.27 1447.31 1444.02 1440.51 1437.30 1433.81 1430.55 1426.90 1423.73 1419.80 1416.25 1412.21 1409.38 1404.81 1401.38 1397.38 1393.27 1390.20 1386.50 1382.12 1378.72 1374.24 1370.68 1366.35 1362.92 1358.31 1354.90 1350.25 1346.38 1342.43 1338.36 1334.18 1329.85 1325.35 1321.48 1317.42 1312.74 1308.99 1303.76 1300.24 1295.22 1291.05 1286.52 1282.41 1277.90 1273.78 1269.22 1264.21 1259.51 1255.12 1250.99 1246.29 1241.03 1237.19 1232.36 1227.34 1222.48 1217.80 1213.28 1208.53 1203.91 1199.36 1194.12 1190.15 1185.03 1180.34 1175.68 1170.26 1165.99 1160.92 1155.80 1150.60 1145.76 1140.83 1135.80 1131.11 1126.34 1121.48 1116.49 1111.78 1106.16 1101.58 1096.81 1091.09 1086.35 1081.38 1076.22 1071.27 1066.09 1060.66 1055.42 1051.09 1045.32 1040.46 1035.75 1030.01 1024.69 1020.20 1014.68 1010.03 1004.35 999.55 994.49 989.14 983.91 978.35 973.61 968.52 963.05 957.65 953.03 947.33 942.42 937.11 931.38 926.40 921.01 915.65 911.07 905.36 899.98 894.68 890.14 884.48 879.20 873.98
-873.25 150123 100.00 110.00 120.00 129.98 139.98 149.95 159.94 169.95 179.91 189.89 199.89 209.83 219.78 229.73 239.68 249.63 259.68 269.60 279.52 289.42 299.41 309.24 319.16 329.17 338.99 348.89 358.86 368.75 378.55 388.43 398.36 408.17 418.01 427.89 437.79 447.52 457.49 467.27 477.05 486.81 496.54 506.48 516.17 526.01 535.78 545.50 555.13 564.88 574.51 584.31 593.96 603.71 613.36 623.08 632.61 642.23 651.87 661.61 671.06 680.50 690.27 699.71 709.19 718.90 728.31 737.62 747.20 756.64 766.35 775.55 785.00 794.36 803.83 813.20 822.66 831.97 841.46 850.67 860.02 869.17 878.81 887.75 897.15 906.32 915.44 925.00 934.29 943.29 952.71 961.67 971.03 980.05 989.46 998.36 1007.78 1016.66 1025.88 1035.07 1044.21 1053.29 1062.31 1071.24 1080.47 1089.61 1098.46 1107.75 1116.34 1125.74 1134.42 1143.51 1152.42 1161.55 1170.48 1179.60 1188.50 1197.17 1205.99 1214.98 1224.10 1232.93 1241.47 1250.74 1259.50 1268.16 1276.90 1285.74 1294.66 1303.46 1312.33 1321.24 1329.77 1339.00 1347.59 1356.43 1365.28 1373.70 1382.78 1391.40 1399.99 1408.54 1417.29 1425.99 1434.63 1443.47 1452.26 1461.00 1469.67 1478.49 1486.80 1495.70 1504.50 1512.74 1521.55 1530.23 1538.79 1547.49 1556.03 1564.44 1572.96 1582.02 1590.22 1598.97 1607.81 1616.02 1624.49 1633.46 1641.81 1650.68 1658.94 1667.72 1676.35 1684.79 1693.32 1701.65 1710.47 1719.07 1727.45 1735.87 1744.77 1753.00 1761.72 1770.20 1778.41 1787.09 1795.51 1803.96 1812.88 1821.11 1829.54 1838.02 1846.97 1855.23 1863.72 1872.25
-1073.46 150124 1572.35 1572.65 1572.61 1572.07 1570.96 1571.19 1569.79 1569.70 1568.84 1568.15 1567.63 1566.23 1565.85 1564.46 1564.00 1562.38 1561.71 1560.84 1558.73 1558.31 1556.56 1555.40 1553.80 1552.68 1551.02 1549.74 1547.81 1546.32 1544.08 1542.99 1541.04 1539.15 1537.27 1535.55 1532.81 1530.94 1528.94 1526.90 1524.59 1522.94 1519.99 1517.82 1516.11 1512.90 1510.97 1508.66 1505.68 1502.93 1500.59 1497.51 1494.80 1492.14 1489.47 1486.10 1483.50 1481.04 1477.44 1474.68 1471.58 1468.39 1464.78 1461.91 1457.62 1454.80 1451.67 1447.88 1444.56 1440.44 1436.68 1433.25 1430.10 1426.02 1422.15 1418.46 1414.03 1410.57 1405.98 1402.25 1398.55 1394.82 1389.82 1385.94 1381.93 1377.37 1373.82 1368.85 1364.45 1360.59 1356.40 1351.89 1347.87 1343.48 1338.71 1334.33 1329.50 1325.40 1320.80 1316.44 1311.51 1306.81 1302.28 1297.13 1293.32 1287.66 1283.28 1278.99 1273.96 1268.94 1264.32 1259.69 1254.23 1249.88 1244.64 1239.25 1234.90 1229.64 1224.17 1219.63 1214.82 1208.99 1204.04 1198.76 1193.57 1188.76 1183.32 1178.25 1173.24 1167.84 1162.01 1156.89 1151.73 1146.79 1141.81 1136.36 1130.39 1125.04 1119.62 1114.81 1109.45 1103.49 1098.06 1092.47 1087.41 1081.70 1076.48 1070.63 1065.26 1059.68 1054.10 1048.96 1043.58 1037.44 1031.69 1026.30 1020.63 1014.86 1009.45 1003.72 998.35 992.20 987.05 981.54 975.20 970.31 963.88 958.41 952.60 947.08 941.38 935.30 929.49 923.97 918.73 912.63 906.78 901.19 895.79 889.45 883.78 877.87 872.14 866.57 860.52 854.63 848.91 843.36 837.51 831.15 825.63 819.66 813.86 808.24 802.79 796.46
-988.49 150124 100.00 110.00 120.01 129.99 139.95 149.98 159.91 169.92 179.89 189.86 199.86 209.77 219.78 229.69 239.70 249.58 259.57 269.53 279.35 289.38 299.23 309.17 319.04 328.98 338.85 348.77 358.59 368.48 378.24 388.20 398.01 407.83 417.65 427.50 437.15 446.98 456.77 466.56 476.30 486.17 495.76 505.52 515.40 524.90 534.73 544.46 554.02 563.63 573.36 582.88 592.51 602.15 611.79 621.21 630.88 640.59 649.93 659.55 669.06 678.54 687.87 697.46 706.54 716.16 725.67 734.92 744.36 753.49 762.75 772.15 781.66 790.80 800.02 809.32 818.30 827.70 836.60 845.89 855.19 864.47 873.19 882.41 891.57 900.48 909.86 918.57 927.55 936.79 945.87 954.80 963.97 972.95 981.75 990.74 999.50 1008.63 1017.51 1026.52 1035.22 1044.05 1052.97 1061.56 1070.86 1079.17 1088.17 1097.22 1105.86 1114.51 1123.39 1132.26 1140.66 1149.69 1158.21 1166.65 1175.68 1184.19 1192.58 1201.51 1210.28 1218.45 1227.14 1235.64 1244.18 1252.96 1261.36 1269.98 1278.64 1287.05 1295.21 1303.80 1312.37 1321.08 1329.76 1338.14 1346.19 1354.64 1363.05 1371.84 1380.29 1388.34 1396.74 1405.03 1413.67 1421.88 1430.42 1438.54 1446.98 1455.27 1463.57 1472.17 1480.60 1488.52 1496.70 1505.13 1513.37 1521.54 1529.95 1538.15 1546.59 1554.50 1563.09 1571.44 1579.22 1587.99 1595.70 1604.08 1612.22 1620.56 1628.78 1636.73 1644.87 1653.21 1661.75 1669.68 1677.80 1686.09 1694.52 1702.28 1710.52 1718.59 1726.78 1735.10 1743.06 1751.14 1759.35 1767.67 1775.78 1783.53 1791.88 1799.90 1808.04 1816.32 1824.72 1832.49
-1043.53 150125 1573.01 1573.02 1572.65 1572.83 1572.41 1571.29 1570.46 1569.91 1569.58 1568.38 1568.27 1567.22 1566.15 1565.01 1563.78 1562.48 1561.97 1560.18 1559.06 1557.61 1556.77 1555.46 1553.60 1552.11 1551.01 1549.26 1546.94 1545.76 1543.75 1541.85 1539.96 1538.04 1536.20 1534.23 1532.11 1529.82 1527.46 1525.77 1523.72 1521.25 1518.60 1516.40 1513.61 1511.34 1508.36 1505.55 1503.17 1500.87 1497.70 1494.82 1491.93 1489.21 1486.35 1483.31 1480.29 1476.95 1473.50 1470.81 1467.65 1464.31 1460.41 1457.07 1453.42 1449.94 1446.85 1442.91 1439.25 1435.87 1431.83 1427.61 1423.51 1419.52 1415.61 1411.73 1407.82 1403.83 1399.40 1395.65 1391.72 1387.59 1383.20 1378.55 1374.43 1370.01 1365.23 1360.89 1356.94 1352.58 1347.74 1343.18 1338.11 1334.49 1329.14 1325.18 1320.63 1315.43 1310.34 1305.76 1301.23 1296.71 1291.42 1287.30 1281.98 1277.03 1272.00 1267.28 1262.41 1257.39 1252.14 1247.10 1241.81 1236.67 1231.97 1226.21 1221.28 1216.41 1211.15 1205.47 1200.50 1195.06 1189.58 1184.77 1179.46 1174.07 1168.12 1162.78 1158.04 1152.02 1146.57 1141.21 1135.66 1130.63 1124.98 1119.79 1113.90 1108.42 1102.66 1097.32 1091.21 1085.48 1080.14 1075.16 1069.37 1063.24 1057.41 1051.91 1046.23 1040.83 1035.03 1029.51 1023.09 1018.01 1011.99 1006.15 1000.52 994.40 988.44 982.65 976.59 970.70 964.94 959.34 953.86 947.85 941.92 936.10 929.89 924.27 918.27 912.37 906.57 900.25 894.68 888.53 882.47 877.13 871.20 865.30 859.45 853.14 847.35 841.56 834.62 828.79 822.94 817.11 811.28 805.44 799.60 792.64 786.77 780.88 774.89 768.53
-1015.85 150125 100.00 110.00 119.99 130.01 140.00 149.95 159.92 169.90 179.91 189.84 199.87 209.82 219.76 229.70 239.62 249.54 259.55 269.40 279.34 289.24 299.21 309.13 318.96 328.85 338.80 348.65 358.39 368.34 378.14 387.96 397.78 407.59 417.42 427.23 437.00 446.73 456.45 466.32 476.11 485.81 495.45 505.21 514.82 524.56 534.11 543.71 553.43 563.18 572.67 582.24 591.82 601.44 611.03 620.55 630.09 639.51 648.90 658.55 668.04 677.47 686.69 696.12 705.43 714.80 724.33 733.52 742.83 752.25 761.40 770.48 779.60 788.77 797.97 807.19 816.40 825.57 834.54 843.82 853.02 862.13 871.11 879.98 889.09 898.06 906.86 915.86 925.07 934.07 942.83 951.73 960.36 969.75 978.24 987.46 996.36 1004.92 1013.54 1022.43 1031.35 1040.27 1048.78 1057.93 1066.41 1075.10 1083.74 1092.56 1101.30 1109.95 1118.46 1127.10 1135.59 1144.16 1153.01 1161.21 1169.92 1178.66 1187.17 1195.41 1204.10 1212.49 1220.85 1229.64 1238.12 1246.54 1254.61 1263.06 1271.90 1279.92 1288.30 1296.74 1305.06 1313.73 1321.97 1330.53 1338.62 1346.99 1355.17 1363.63 1371.57 1379.77 1388.23 1396.93 1405.09 1413.01 1421.14 1429.49 1437.72 1446.15 1454.29 1462.64 1470.35 1479.00 1486.99 1495.11 1503.38 1511.29 1519.33 1527.48 1535.44 1543.52 1551.70 1559.99 1568.37 1576.36 1584.42 1592.54 1600.40 1608.67 1616.67 1624.75 1632.90 1640.66 1648.97 1656.87 1664.82 1673.31 1681.36 1689.44 1697.54 1705.32 1713.47 1721.63 1728.93 1737.05 1745.17 1753.30 1761.42 1769.54 1777.66 1784.94 1793.04 1801.13 1809.14 1816.85
-979.44 150126 1572.59 1572.18 1572.40 1572.13 1571.21 1570.54 1570.10 1569.84 1568.74 1567.72 1566.79 1565.88 1564.93 1563.80 1562.46 1561.92 1560.09 1558.86 1558.16 1556.00 1555.28 1553.03 1552.12 1550.52 1548.21 1547.18 1545.33 1543.54 1540.80 1538.92 1537.10 1535.08 1532.83 1530.25 1528.47 1526.28 1523.63 1521.45 1518.95 1516.78 1513.94 1511.59 1508.43 1505.31 1503.36 1500.39 1497.59 1493.74 1490.87 1487.75 1484.66 1482.13 1478.64 1475.60 1472.35 1468.49 1465.15 1461.44 1457.84 1454.61 1450.83 1447.00 1443.38 1439.10 1435.81 1431.34 1427.70 1423.21 1419.49 1415.65 1411.63 1407.40 1402.89 1398.08 1393.73 1389.78 1385.38 1380.50 1375.91 1371.58 1366.66 1362.32 1357.37 1352.55 1347.82 1343.12 1338.40 1333.32 1328.95 1323.71 1318.75 1313.66 1308.40 1304.11 1298.86 1293.34 1288.68 1283.68 1278.34 1273.04 1267.80 1262.88 1256.79 1252.09 1246.64 1241.37 1235.95 1230.65 1225.17 1219.02 1214.55 1208.70 1202.81 1197.32 1191.53 1186.09 1180.98 1175.05 1169.36 1163.25 1158.07 1151.97 1146.10 1140.39 1134.18 1128.76 1122.84 1117.04 1111.32 1105.16 1099.52 1092.83 1087.29 1081.29 1075.27 1069.22 1063.63 1056.89 1051.17 1045.35 1038.95 1032.95 1026.85 1020.64 1014.98 1008.55 1002.57 996.42 990.04 983.93 977.58 971.57 965.29 958.76 953.08 946.04 939.82 933.93 927.16 921.17 914.84 908.79 902.40 896.15 889.55 883.16 876.91 870.92 864.59 857.89 851.46 845.16 838.51 832.56 826.24 819.50 812.95 807.04 800.09 793.80 787.67 781.09 774.03 767.61 761.78 755.03 748.87 742.21 735.60 729.12 722.69 716.35 709.56 703.44
-1095.54 150126 100.00 109.99 120.00 130.00 139.97 149.94 159.94 169.95 179.89 189.84 199.79 209.75 219.71 229.64 239.55 249.56 259.41 269.33 279.33 289.13 299.13 308.90 318.88 328.75 338.50 348.48 358.30 368.14 377.79 387.61 397.45 407.25 416.99 426.66 436.51 446.27 455.92 465.68 475.36 485.13 494.72 504.44 513.95 523.45 533.31 542.86 552.46 561.73 571.31 580.81 590.32 600.02 609.39 618.92 628.38 637.61 647.04 656.33 665.66 675.13 684.39 693.63 702.95 712.00 721.47 730.43 739.76 748.70 758.00 767.23 776.39 785.45 794.38 803.16 812.17 821.37 830.35 839.09 847.97 856.99 865.70 874.72 883.41 892.18 900.99 909.82 918.63 927.25 936.26 944.79 953.47 962.08 970.59 979.66 988.18 996.53 1005.40 1014.06 1022.51 1030.99 1039.51 1048.22 1056.21 1065.07 1073.46 1081.95 1090.36 1098.84 1107.20 1115.13 1124.16 1132.28 1140.37 1148.73 1156.88 1165.28 1173.90 1181.96 1190.18 1198.11 1206.69 1214.63 1222.72 1230.94 1238.79 1247.21 1255.27 1263.42 1271.62 1279.50 1287.77 1295.26 1303.60 1311.60 1319.58 1327.55 1335.86 1343.30 1351.51 1359.65 1367.35 1375.34 1383.26 1391.10 1399.36 1407.04 1415.06 1422.94 1430.65 1438.56 1446.29 1454.29 1462.07 1469.65 1477.92 1485.08 1492.92 1501.02 1508.40 1516.42 1524.16 1532.13 1539.82 1547.63 1555.14 1562.84 1570.65 1578.67 1586.41 1593.85 1601.51 1609.27 1616.75 1624.81 1632.56 1639.96 1647.52 1655.61 1662.83 1670.61 1678.52 1686.05 1693.18 1700.84 1709.02 1716.40 1724.29 1731.76 1739.26 1746.87 1754.54 1762.27 1769.62 1777.54
-910.43 150128 1573.07 1573.12 1572.74 1572.89 1572.35 1571.05 1570.99 1570.08 1569.32 1568.58 1566.82 1565.93 1564.87 1563.57 1563.10 1561.27 1559.98 1558.19 1556.86 1555.93 1554.34 1552.05 1551.10 1549.35 1546.76 1545.18 1543.56 1540.87 1539.17 1537.20 1534.93 1532.27 1530.34 1527.91 1525.86 1523.22 1520.18 1517.40 1515.04 1512.80 1509.70 1506.83 1503.85 1500.99 1497.95 1494.94 1491.54 1488.92 1484.93 1481.65 1478.68 1475.41 1471.44 1467.90 1464.76 1460.72 1456.92 1453.29 1449.80 1445.19 1441.83 1437.25 1433.42 1429.42 1425.15 1420.59 1416.53 1412.05 1407.11 1402.49 1398.12 1394.02 1389.32 1384.36 1379.45 1374.59 1369.73 1365.19 1360.49 1355.62 1349.83 1345.01 1339.94 1335.01 1329.76 1324.65 1319.88 1313.96 1308.72 1304.14 1298.31 1293.06 1287.21 1281.89 1277.08 1270.91 1265.87 1260.09 1254.69 1248.97 1243.56 1237.27 1231.90 1226.08 1220.47 1214.38 1209.06 1202.73 1196.48 1190.77 1184.61 1178.90 1172.66 1166.81 1160.85 1154.76 1148.54 1142.74 1136.14 1129.91 1123.47 1117.89 1110.95 1104.80 1098.93 1092.13 1086.07 1079.64 1073.39 1066.76 1060.79 1054.41 1047.61 1041.44 1034.83 1028.82 1022.34 1015.38 1008.96 1002.56 995.62 989.18 982.63 976.06 969.93 963.15 956.30 949.29 942.63 935.85 929.46 922.37 915.63 909.21 902.60 895.75 889.20 882.43 875.42 868.19 862.25 855.03 848.04 841.26 834.68 827.79 820.63 813.69 806.94 800.38 793.55 786.43 780.01 772.73 765.64 758.74 752.00 745.42 738.48 731.70 724.04 717.50 710.50 703.56 696.70 689.41 682.72 675.62 668.15 661.82 654.59 647.43 640.72 633.43
-1173.10 150128 100.00 110.00 119.99 130.01 140.00 149.93 159.96 169.92 179.89 189.86 199.73 209.69 219.64 229.55 239.58 249.42 259.34 269.18 279.09 289.07 298.94 308.70 318.68 328.53 338.22 348.10 357.97 367.63 377.49 387.30 397.03 406.68 416.50 426.20 436.00 445.65 455.19 464.79 474.52 484.27 493.79 503.37 512.91 522.49 532.02 541.56 550.97 560.64 569.84 579.28 588.85 598.30 607.48 616.84 626.35 635.50 644.75 654.07 663.46 672.36 681.80 690.71 699.95 709.12 718.16 727.06 736.21 745.15 753.86 762.73 771.73 780.86 789.69 798.38 807.09 815.83 824.57 833.49 842.32 851.06 859.26 868.03 876.65 885.35 893.86 902.45 911.26 919.35 927.87 936.81 944.95 953.46 961.59 970.06 978.86 986.77 995.43 1003.59 1012.01 1020.22 1028.63 1036.44 1044.89 1053.02 1061.30 1069.24 1077.73 1085.49 1093.31 1101.52 1109.40 1117.62 1125.44 1133.56 1141.59 1149.52 1157.35 1165.51 1173.04 1180.86 1188.52 1196.86 1204.11 1212.00 1220.11 1227.47 1235.43 1243.09 1250.90 1258.39 1266.44 1274.13 1281.48 1289.37 1296.87 1304.89 1312.50 1319.71 1327.37 1335.06 1342.27 1349.93 1357.49 1365.03 1372.95 1380.31 1387.60 1394.74 1402.20 1409.55 1417.25 1424.33 1431.71 1439.39 1446.90 1454.19 1461.75 1469.11 1476.25 1483.19 1491.32 1498.26 1505.41 1512.76 1520.30 1527.55 1534.54 1541.74 1549.12 1556.68 1563.99 1571.01 1578.71 1585.59 1592.65 1599.88 1607.28 1614.82 1622.02 1629.37 1635.88 1643.46 1650.61 1657.81 1665.09 1671.95 1679.39 1686.43 1693.12 1700.91 1707.83 1714.81 1722.24 1729.10
-834.42 150129 1572.63 1572.24 1572.41 1572.02 1571.93 1570.99 1570.20 1569.51 1567.87 1567.17 1566.36 1565.32 1564.00 1562.45 1561.46 1559.94 1558.82 1557.07 1555.64 1553.49 1551.48 1549.75 1548.06 1546.33 1544.51 1542.51 1540.26 1537.92 1535.19 1532.92 1531.30 1528.14 1525.27 1522.83 1520.55 1517.45 1514.64 1511.78 1509.08 1506.20 1503.36 1500.23 1497.00 1493.28 1490.24 1486.59 1483.46 1479.95 1476.57 1472.67 1469.09 1465.44 1461.11 1457.82 1453.73 1449.23 1445.81 1441.06 1436.93 1432.54 1428.62 1424.29 1419.49 1414.96 1411.05 1406.08 1401.58 1396.31 1391.75 1386.29 1381.87 1376.53 1372.14 1366.70 1360.92 1355.91 1350.45 1345.64 1340.26 1334.73 1329.69 1324.00 1318.76 1312.82 1307.25 1301.35 1295.77 1290.45 1284.24 1278.89 1273.02 1267.28 1261.67 1255.01 1249.50 1244.00 1237.34 1231.71 1225.32 1219.41 1213.31 1207.03 1200.54 1194.90 1187.88 1181.67 1175.74 1169.44 1163.21 1156.56 1150.04 1143.52 1137.03 1131.06 1124.50 1117.35 1110.65 1104.34 1097.37 1090.79 1084.05 1077.63 1070.47 1063.59 1056.99 1050.12 1043.45 1036.45 1029.64 1022.48 1015.45 1009.05 1002.25 995.07 987.95 980.87 973.81 966.77 959.73 952.69 945.64 939.05 931.43 924.72 916.97 910.15 903.25 895.75 888.63 881.89 874.03 866.98 859.77 852.84 845.24 838.41 830.87 823.60 816.57 809.32 801.84 794.59 787.09 779.81 772.72 765.37 757.75 750.29 743.04 735.55 728.25 720.70 713.80 706.58 699.06 691.22 683.97 676.79 669.27 661.91 654.64 647.00 639.43 631.99 624.63 616.86 609.63 602.01 594.94 587.49 579.67 572.39 564.77 557.42
-1245.81 150129 100.00 109.99 120.00 130.00 140.01 149.97 159.94 169.91 179.80 189.78 199.75 209.70 219.61 229.49 239.45 249.34 259.28 269.13 279.03 288.81 298.61 308.46 318.31 328.16 338.00 347.80 357.54 367.26 376.89 386.63 396.54 406.05 415.63 425.33 435.08 444.59 454.19 463.77 473.40 482.98 492.57 502.07 511.53 520.83 530.36 539.67 549.18 558.54 567.95 577.17 586.50 595.81 604.85 614.31 623.44 632.38 641.81 650.63 659.74 668.72 677.94 686.95 695.73 704.64 713.88 722.57 731.50 740.02 748.92 757.32 766.32 774.78 783.80 792.20 800.39 809.04 817.43 826.21 834.64 842.97 851.63 859.85 868.38 876.44 884.74 892.82 901.12 909.60 917.46 925.92 934.03 942.21 950.50 958.01 966.38 974.75 982.25 990.53 998.23 1006.31 1014.23 1022.01 1029.63 1037.93 1045.11 1052.95 1061.02 1068.78 1076.61 1084.08 1091.67 1099.25 1106.86 1114.91 1122.47 1129.50 1136.92 1144.69 1151.87 1159.40 1166.79 1174.47 1181.47 1188.73 1196.25 1203.51 1210.97 1218.11 1225.44 1232.43 1239.54 1247.26 1254.60 1261.56 1268.58 1275.65 1282.73 1289.83 1296.94 1304.03 1311.12 1318.68 1325.19 1332.64 1339.02 1346.35 1353.59 1360.22 1367.25 1374.66 1380.91 1388.02 1394.94 1402.16 1408.68 1416.01 1422.59 1429.46 1436.58 1443.48 1450.12 1457.00 1463.62 1470.48 1477.54 1484.32 1490.81 1497.46 1504.36 1510.98 1517.83 1524.38 1531.65 1538.58 1545.18 1551.42 1558.31 1565.28 1571.87 1578.64 1585.51 1591.98 1598.51 1605.20 1611.96 1618.27 1625.19 1631.67 1638.77 1645.44 1651.69 1658.55 1665.04 1671.81
-765.97 150130 1572.78 1572.53 1572.84 1572.58 1571.54 1570.59 1569.78 1569.02 1568.28 1567.40 1566.33 1564.95 1563.22 1562.15 1560.57 1559.33 1557.39 1555.73 1554.27 1552.94 1550.66 1548.55 1546.30 1544.82 1542.16 1540.34 1538.14 1535.45 1533.38 1530.65 1528.18 1526.10 1523.20 1520.29 1517.61 1513.92 1511.25 1508.32 1505.32 1501.93 1498.39 1495.18 1491.69 1488.37 1484.56 1481.09 1477.91 1473.74 1469.75 1465.88 1462.04 1457.80 1453.45 1449.78 1445.09 1440.93 1436.40 1432.15 1427.35 1423.17 1419.16 1414.01 1409.26 1404.46 1398.76 1394.04 1389.01 1384.04 1378.66 1373.98 1368.08 1362.78 1357.55 1352.12 1346.45 1340.70 1335.25 1329.36 1323.69 1318.22 1312.44 1306.10 1300.47 1294.87 1288.63 1282.34 1276.57 1270.60 1264.43 1258.03 1251.87 1245.42 1239.25 1232.76 1226.97 1220.21 1213.61 1207.60 1201.07 1194.03 1188.03 1181.42 1174.70 1167.87 1161.39 1154.17 1147.79 1141.14 1134.24 1127.52 1120.41 1113.92 1106.52 1099.69 1092.37 1085.55 1078.70 1071.31 1064.33 1057.25 1050.05 1042.68 1035.62 1028.37 1020.92 1013.77 1006.86 999.20 991.77 984.53 977.00 969.64 962.39 954.77 947.73 940.32 932.51 925.21 917.47 910.21 902.50 894.74 887.39 879.53 872.07 865.01 856.93 849.25 841.53 834.17 826.63 818.50 811.16 803.62 795.50 787.64 780.05 772.69 764.68 756.89 749.31 741.42 733.32 725.78 718.02 709.97 702.10 694.39 686.84 678.59 671.02 663.13 655.41 646.96 639.52 631.33 624.10 616.08 608.15 600.32 592.09 584.39 576.28 568.21 560.68 552.36 544.46 536.60 528.43 520.71 512.69 504.79 497.06 488.97
-1310.44 150130 100.00 109.99 120.01 130.01 139.96 149.92 159.89 169.86 179.84 189.80 199.74 209.65 219.50 229.45 239.33 249.25 259.07 268.93 278.83 288.75 298.49 308.27 318.02 327.93 337.58 347.42 357.18 366.81 376.60 386.22 395.92 405.72 415.29 424.86 434.49 443.82 453.46 463.03 472.57 481.98 491.33 500.81 510.18 519.61 528.86 538.24 547.74 556.84 566.01 575.23 584.46 593.52 602.53 611.85 620.69 629.79 638.70 647.76 656.53 665.64 674.83 683.41 692.21 700.98 709.25 718.07 726.71 735.39 743.82 752.69 760.79 769.27 777.80 786.20 794.43 802.62 811.00 819.09 827.33 835.71 843.87 851.62 859.89 868.19 876.01 883.79 891.97 899.99 907.86 915.55 923.43 931.07 938.94 946.55 954.74 962.12 969.64 977.65 985.23 992.36 1000.40 1007.90 1015.31 1022.62 1030.24 1037.19 1044.91 1052.38 1059.62 1067.02 1074.06 1081.70 1088.45 1095.75 1102.57 1109.90 1117.19 1123.94 1131.10 1138.17 1145.10 1151.87 1158.96 1165.84 1172.52 1179.51 1186.76 1193.21 1199.91 1206.80 1213.39 1220.17 1227.05 1233.53 1240.66 1247.38 1253.65 1260.49 1266.83 1273.72 1280.09 1286.40 1293.19 1299.39 1306.05 1313.19 1319.12 1325.53 1331.88 1338.66 1345.24 1351.10 1357.92 1364.49 1370.36 1376.55 1383.06 1389.85 1395.85 1402.13 1408.66 1414.80 1420.69 1427.27 1433.58 1439.52 1445.69 1452.06 1458.63 1464.33 1470.87 1477.02 1483.38 1488.82 1495.53 1501.29 1508.29 1514.27 1520.35 1526.58 1532.28 1538.68 1544.53 1550.44 1557.06 1562.64 1568.77 1574.95 1580.73 1587.10 1593.07 1599.20 1605.55 1611.44
-740.86 150131 1572.82 1572.62 1572.93 1572.68 1571.67 1570.77 1569.95 1569.15 1568.32 1567.34 1566.19 1564.76 1564.10 1562.05 1560.51 1559.28 1557.30 1555.51 1553.84 1552.22 1550.75 1548.23 1546.51 1544.59 1542.40 1540.04 1537.24 1534.80 1532.91 1530.34 1527.00 1524.89 1521.88 1519.05 1516.10 1513.00 1509.92 1506.50 1503.89 1499.91 1496.58 1493.81 1490.36 1486.40 1482.78 1479.09 1475.57 1471.33 1468.00 1463.43 1459.60 1455.65 1451.53 1447.11 1442.35 1437.94 1433.86 1429.21 1423.93 1419.92 1415.17 1410.40 1405.49 1400.82 1395.10 1390.21 1384.90 1379.54 1374.35 1369.01 1363.03 1357.51 1352.42 1346.52 1340.92 1335.56 1329.71 1323.49 1317.85 1311.78 1306.16 1300.00 1293.73 1287.80 1281.68 1275.96 1269.36 1263.08 1256.50 1250.65 1244.41 1237.74 1231.68 1225.14 1218.09 1212.11 1205.53 1198.33 1191.55 1185.15 1178.59 1171.76 1165.18 1158.33 1151.68 1144.16 1137.78 1130.49 1123.78 1116.58 1109.89 1102.68 1095.43 1088.57 1081.57 1073.91 1066.58 1059.51 1052.18 1044.58 1037.66 1030.45 1022.95 1015.13 1007.90 1000.76 993.25 985.84 978.44 970.60 963.22 955.40 948.01 940.57 933.09 925.51 917.35 910.04 902.56 894.49 886.73 879.23 871.50 863.62 855.98 848.08 840.41 832.54 824.85 816.86 809.02 801.34 793.78 785.48 777.79 769.72 761.75 753.85 746.04 738.27 730.54 722.01 714.34 706.69 698.21 690.55 682.44 674.78 666.29 658.65 650.18 642.55 634.44 626.78 618.29 610.60 602.03 594.23 586.38 578.48 570.50 562.44 554.27 546.01 537.65 530.01 521.44 513.58 505.61 497.55 489.40 481.14 472.82 464.86
-1333.34 150131 100.00 110.00 120.01 130.02 139.97 149.93 159.89 169.86 179.83 189.78 199.72 209.61 219.61 229.43 239.31 249.23 259.04 268.88 278.74 288.61 298.52 308.21 318.06 327.88 337.64 347.35 356.97 366.66 376.50 386.17 395.61 405.42 414.95 424.54 434.10 443.61 453.12 462.52 472.19 481.40 490.82 500.46 509.85 519.04 528.36 537.65 547.02 556.09 565.54 574.45 583.69 592.88 602.00 610.97 619.77 628.75 637.89 646.74 655.26 664.46 673.26 682.05 690.76 699.61 707.84 716.57 725.05 733.49 742.04 750.49 758.53 766.87 775.50 783.58 791.87 800.32 808.43 816.27 824.53 832.48 840.77 848.65 856.44 864.49 872.40 880.63 888.15 895.94 903.48 911.61 919.43 926.89 934.86 942.42 949.54 957.60 965.13 972.12 979.47 987.16 994.71 1002.02 1009.55 1016.84 1024.31 1030.95 1038.69 1045.56 1052.98 1059.92 1067.38 1074.31 1081.19 1088.48 1095.63 1102.09 1108.89 1115.97 1122.77 1129.29 1136.53 1143.46 1150.08 1156.34 1163.26 1170.27 1176.87 1183.59 1190.32 1196.54 1203.30 1209.55 1216.29 1222.97 1229.62 1236.13 1241.97 1248.81 1255.46 1261.40 1267.70 1274.33 1280.67 1286.83 1293.28 1299.42 1305.84 1312.01 1318.41 1324.42 1330.64 1337.04 1343.61 1349.23 1355.63 1361.54 1367.58 1373.71 1379.97 1386.27 1392.61 1397.92 1404.36 1410.82 1416.18 1422.63 1428.48 1434.94 1440.29 1446.76 1452.14 1458.63 1464.49 1470.94 1476.28 1482.70 1487.93 1494.21 1500.41 1506.54 1512.58 1518.49 1524.26 1529.90 1535.41 1541.90 1547.12 1553.31 1559.36 1565.29 1571.08 1576.73 1582.28 1588.34
-674.16 150132 1572.98 1572.87 1572.28 1572.03 1571.97 1570.99 1570.09 1569.18 1568.13 1566.85 1565.27 1564.36 1562.98 1561.99 1560.34 1557.94 1556.66 1554.48 1552.30 1551.24 1549.07 1546.66 1544.89 1541.78 1540.34 1537.38 1534.98 1532.78 1529.77 1527.05 1524.25 1521.34 1518.52 1515.45 1512.33 1508.77 1505.87 1502.41 1498.63 1495.31 1491.12 1488.09 1484.38 1479.95 1476.42 1472.48 1468.42 1464.20 1459.75 1455.81 1451.54 1446.88 1442.55 1437.66 1432.92 1428.60 1423.45 1418.18 1413.87 1408.53 1403.56 1398.60 1393.15 1387.58 1382.09 1376.33 1370.93 1365.83 1359.82 1353.96 1348.21 1342.51 1336.17 1330.43 1324.57 1318.53 1312.27 1305.74 1299.50 1293.40 1286.85 1280.42 1273.98 1267.60 1260.66 1254.14 1248.00 1241.18 1234.68 1227.44 1220.43 1213.63 1207.00 1200.02 1193.15 1186.35 1179.59 1171.83 1165.03 1158.16 1150.68 1144.05 1136.25 1129.22 1121.94 1114.39 1107.01 1099.77 1092.61 1085.05 1077.05 1069.93 1062.31 1054.65 1047.36 1039.52 1031.99 1024.26 1016.78 1008.67 1000.79 993.08 985.53 977.26 969.99 961.97 954.04 946.18 937.88 930.09 922.30 914.01 906.15 898.25 890.29 882.23 874.06 865.77 857.36 849.61 841.69 833.10 824.81 816.79 808.57 800.45 792.10 783.99 775.64 767.33 759.19 750.76 742.80 734.49 725.87 717.66 709.11 700.69 692.69 684.33 675.63 667.33 659.10 650.50 642.25 633.57 625.21 616.88 608.42 600.01 591.64 583.16 574.72 566.12 557.53 549.21 540.88 532.34 523.77 515.46 506.68 498.56 489.95 481.54 472.66 464.43 455.71 447.22 438.68 429.95 421.45 412.92 404.70 396.16
-1388.75 150132 100.00 110.00 119.98 129.98 140.00 149.96 159.92 169.87 179.82 189.74 199.61 209.58 219.49 229.45 239.31 249.05 258.98 268.74 278.51 288.49 298.26 307.96 317.82 327.36 337.30 346.87 356.57 366.34 375.88 385.50 395.10 404.67 414.27 423.78 433.28 442.64 452.22 461.60 470.86 480.30 489.40 498.95 508.24 517.22 526.59 535.78 544.92 553.99 562.95 572.15 581.19 590.04 599.06 607.79 616.59 625.62 634.20 642.71 651.77 660.23 668.91 677.60 685.98 694.29 702.65 710.82 719.25 727.87 735.88 743.98 752.16 760.38 768.13 776.32 784.43 792.40 800.19 807.78 815.60 823.52 831.08 838.74 846.39 854.09 861.31 868.89 876.82 884.13 891.74 898.66 905.80 913.13 920.62 927.79 935.05 942.39 949.77 956.15 963.49 970.77 977.43 984.95 991.27 998.38 1005.25 1011.81 1018.55 1025.46 1032.45 1038.99 1045.04 1052.10 1058.57 1065.01 1071.87 1078.09 1084.67 1091.01 1097.66 1103.54 1109.69 1116.06 1122.64 1128.30 1135.23 1141.21 1147.31 1153.48 1159.10 1165.37 1171.65 1177.26 1183.46 1189.59 1195.64 1201.56 1207.32 1212.93 1218.36 1224.71 1230.83 1236.01 1241.60 1247.59 1253.28 1259.12 1264.62 1270.48 1275.98 1281.55 1287.37 1292.75 1298.83 1304.40 1309.49 1315.21 1320.41 1325.80 1331.83 1337.33 1342.29 1347.87 1353.56 1358.68 1364.34 1369.32 1374.80 1380.35 1385.68 1391.09 1396.57 1401.87 1407.22 1412.34 1417.46 1423.02 1428.56 1433.76 1438.92 1444.49 1449.30 1455.20 1460.28 1465.71 1470.34 1476.05 1480.97 1486.24 1491.45 1496.34 1501.61 1506.83 1512.54 1517.75
-639.56 150133 1572.65 1572.23 1572.30 1571.71 1571.29 1570.89 1569.53 1568.09 1567.47 1566.53 1565.26 1563.50 1562.33 1560.54 1559.01 1557.64 1555.39 1554.14 1551.83 1549.56 1548.00 1545.18 1543.14 1540.63 1538.50 1535.71 1533.40 1530.29 1527.44 1524.50 1521.39 1519.23 1515.82 1512.31 1509.18 1505.80 1503.02 1498.70 1495.66 1491.73 1488.00 1484.41 1480.91 1476.21 1472.62 1468.50 1464.10 1459.39 1455.10 1450.36 1446.31 1441.66 1437.11 1432.59 1427.23 1422.94 1417.67 1412.06 1407.18 1401.86 1397.14 1391.08 1385.50 1380.29 1374.22 1369.07 1363.39 1357.78 1351.06 1345.42 1339.71 1333.23 1327.18 1320.85 1314.16 1308.19 1301.78 1295.49 1289.16 1282.27 1275.81 1269.24 1262.97 1255.95 1249.18 1242.13 1235.23 1228.48 1221.32 1214.74 1207.18 1200.63 1193.06 1186.40 1179.13 1171.72 1165.11 1157.32 1150.24 1142.88 1135.66 1128.08 1120.62 1113.20 1105.82 1098.40 1090.48 1082.92 1075.67 1067.81 1060.21 1052.32 1044.62 1036.68 1028.86 1020.68 1013.06 1005.02 996.99 988.98 980.94 973.34 965.20 956.95 949.06 940.58 932.77 924.49 916.36 908.50 899.96 891.67 883.92 875.13 866.84 859.03 850.62 842.20 833.92 825.28 817.03 808.86 800.60 791.97 783.42 775.18 766.51 758.16 749.82 741.29 732.73 724.38 715.54 707.36 698.67 690.17 681.58 673.19 664.26 655.97 647.43 638.79 630.29 621.67 613.18 604.36 595.83 586.94 578.56 569.59 561.15 552.36 543.82 534.92 526.52 517.51 508.97 500.46 491.74 483.07 474.43 465.57 456.72 447.88 439.46 430.39 421.74 413.08 404.42 395.54 386.65 378.16 369.64 360.56
-1412.14 150133 100.00 109.99 120.00 129.98 139.98 149.98 159.90 169.80 179.79 189.75 199.67 209.52 219.46 229.30 239.18 249.10 258.85 268.79 278.53 288.27 298.16 307.78 317.57 327.25 337.03 346.63 356.37 365.88 375.46 385.02 394.52 404.34 413.74 423.11 432.61 442.02 451.65 460.71 470.25 479.45 488.73 498.07 507.45 516.30 525.65 534.76 543.75 552.57 561.61 570.42 579.58 588.43 597.34 606.26 614.72 623.79 632.29 640.59 649.32 657.79 666.64 674.63 682.93 691.47 699.44 708.04 716.27 724.55 732.02 740.29 748.51 756.14 764.11 771.84 779.30 787.33 795.01 802.78 810.53 817.80 825.43 832.96 840.78 847.91 855.27 862.37 869.61 876.98 883.97 891.52 898.12 905.70 912.27 919.76 926.63 933.35 940.91 947.23 954.30 961.07 967.98 974.51 981.17 987.87 994.63 1001.34 1007.46 1014.00 1020.92 1027.11 1033.61 1039.76 1046.15 1052.22 1058.46 1064.23 1070.72 1076.67 1082.64 1088.62 1094.56 1101.11 1106.91 1112.57 1118.72 1124.06 1130.34 1135.94 1141.77 1147.97 1153.21 1158.81 1165.19 1170.04 1175.63 1181.94 1187.34 1192.75 1198.35 1203.42 1209.08 1214.85 1220.50 1225.57 1230.75 1236.43 1241.44 1246.94 1252.46 1257.69 1262.85 1268.38 1273.08 1278.87 1283.84 1289.10 1294.23 1299.67 1304.23 1309.85 1315.05 1320.08 1325.36 1330.43 1335.71 1340.44 1345.66 1350.27 1355.75 1360.22 1365.60 1370.37 1375.59 1380.17 1385.62 1390.01 1395.22 1400.48 1405.38 1410.35 1415.39 1420.05 1424.71 1429.38 1434.82 1439.09 1444.11 1449.12 1454.12 1458.72 1463.32 1468.63 1473.89 1478.14
-604.34 150135 1572.71 1572.35 1572.49 1572.04 1571.70 1570.38 1570.07 1568.70 1567.10 1566.19 1564.89 1564.16 1561.86 1560.80 1558.99 1557.24 1555.51 1552.75 1550.99 1549.03 1546.76 1545.06 1542.16 1539.67 1537.43 1534.69 1532.10 1529.52 1526.19 1523.57 1520.92 1517.01 1513.83 1510.99 1506.93 1504.27 1499.98 1496.92 1493.29 1489.48 1484.93 1481.23 1477.41 1473.41 1469.17 1464.62 1460.50 1455.92 1451.61 1446.71 1441.95 1437.23 1432.82 1427.52 1422.73 1416.87 1411.77 1407.33 1401.57 1396.35 1390.42 1384.85 1379.59 1373.37 1367.73 1361.64 1355.98 1349.72 1343.75 1337.51 1331.57 1325.29 1318.60 1312.54 1305.96 1299.37 1292.61 1286.22 1279.63 1272.28 1266.14 1259.14 1252.29 1245.03 1238.33 1231.18 1224.01 1216.73 1209.32 1202.68 1195.35 1188.28 1180.45 1173.23 1165.67 1158.69 1151.30 1143.49 1136.15 1128.29 1120.81 1113.19 1105.87 1097.92 1090.17 1082.59 1074.29 1066.99 1058.91 1050.86 1042.85 1034.86 1026.84 1018.72 1010.50 1002.97 994.50 986.66 978.61 970.33 961.81 953.52 945.26 937.16 928.74 920.76 912.45 903.78 895.48 886.78 878.88 870.10 861.78 853.29 844.78 836.52 827.78 819.24 810.63 802.19 793.21 784.80 776.52 767.67 758.93 750.31 741.52 733.23 724.34 715.51 707.12 698.33 689.70 681.04 672.36 663.41 654.42 645.81 637.15 628.43 619.44 610.39 601.67 592.86 584.35 575.33 566.60 557.55 548.80 539.94 530.98 522.30 513.52 504.40 495.76 486.76 478.00 469.08 459.99 451.15 442.15 433.34 424.33 415.53 406.33 397.53 388.72 379.71 370.91 361.95 352.79 343.82 335.11 326.34
-1441.47 150135 100.00 109.99 120.01 129.99 140.00 149.92 159.94 169.85 179.73 189.69 199.61 209.60 219.36 229.33 239.16 249.01 258.86 268.50 278.35 288.16 297.90 307.77 317.35 327.04 336.79 346.41 356.07 365.73 375.17 384.83 394.48 403.71 413.20 422.80 431.97 441.65 450.71 460.26 469.57 478.82 487.75 497.04 506.29 515.46 524.51 533.42 542.54 551.43 560.46 569.18 577.98 586.79 595.78 604.27 613.05 621.20 629.80 638.82 647.01 655.54 663.60 671.91 680.43 688.28 696.54 704.47 712.73 720.53 728.55 736.37 744.43 752.20 759.65 767.62 775.15 782.67 790.05 797.74 805.27 812.09 820.04 827.19 834.47 841.36 848.79 855.78 862.76 869.62 876.34 883.87 890.66 897.75 904.01 910.93 917.49 924.68 931.42 937.68 944.47 950.67 957.31 963.79 970.62 976.69 983.02 989.55 995.18 1002.07 1007.97 1013.91 1019.89 1025.90 1031.88 1037.72 1043.42 1050.08 1055.42 1061.66 1067.59 1073.20 1078.47 1084.05 1089.69 1095.56 1100.96 1107.03 1112.59 1117.61 1123.18 1128.15 1134.34 1139.18 1144.73 1150.01 1155.27 1160.92 1165.79 1171.00 1176.08 1181.45 1185.91 1191.35 1196.99 1201.67 1206.54 1211.59 1216.37 1222.01 1226.62 1231.32 1236.81 1241.56 1246.62 1251.63 1256.59 1261.08 1265.48 1270.57 1275.57 1280.48 1284.88 1289.16 1294.07 1298.80 1304.10 1308.42 1313.31 1317.58 1322.43 1327.07 1331.51 1336.50 1341.28 1345.41 1350.48 1354.86 1359.69 1364.20 1368.39 1373.07 1377.42 1382.16 1386.51 1391.26 1395.23 1399.98 1404.74 1409.08 1413.84 1418.26 1422.32 1426.74 1431.67 1436.47
-559.96 150136 1572.14 1572.19 1571.69 1571.42 1570.23 1569.97 1568.68 1567.24 1566.52 1565.41 1563.83 1562.75 1561.03 1559.52 1557.14 1555.72 1553.28 1551.85 1549.24 1547.29 1544.92 1542.24 1539.89 1537.76 1535.07 1532.38 1529.61 1526.03 1523.12 1520.16 1516.77 1514.01 1509.74 1506.83 1503.46 1499.25 1495.30 1492.37 1488.65 1483.74 1479.94 1475.62 1471.85 1467.67 1463.03 1458.67 1453.75 1449.39 1444.31 1439.92 1434.62 1429.53 1424.93 1419.24 1414.26 1409.11 1403.31 1397.86 1392.69 1386.63 1380.70 1374.85 1369.00 1363.06 1356.93 1350.56 1345.00 1337.93 1332.06 1325.05 1319.13 1312.02 1305.88 1299.03 1292.39 1284.92 1278.62 1271.38 1264.68 1257.46 1250.64 1243.66 1236.49 1229.10 1221.46 1214.46 1206.63 1199.36 1191.68 1184.50 1176.82 1169.56 1161.75 1154.30 1146.23 1138.83 1130.76 1123.34 1115.57 1107.51 1099.52 1091.54 1083.58 1075.57 1067.83 1059.64 1051.65 1043.50 1035.15 1027.03 1018.64 1010.30 1002.10 993.54 985.38 976.79 968.55 960.31 951.59 943.10 934.54 926.18 917.28 908.98 900.38 891.67 883.06 874.54 865.83 857.15 848.48 839.57 831.05 822.08 813.47 804.58 795.60 786.94 778.18 769.30 760.69 751.71 742.58 733.68 725.02 716.17 707.11 698.25 689.17 680.25 671.10 662.09 653.22 644.09 635.09 626.19 617.02 608.30 599.29 589.96 581.06 571.86 562.69 553.57 544.64 535.73 526.33 517.49 508.31 499.14 490.00 480.87 471.77 462.67 453.73 444.26 435.30 425.94 416.92 407.50 398.56 389.20 380.13 370.99 361.79 352.55 343.40 334.20 324.95 315.68 306.53 297.36 288.17 278.96
-1475.56 150136 100.00 110.00 119.98 129.99 139.92 149.94 159.86 169.76 179.75 189.69 199.56 209.51 219.37 229.25 238.98 248.89 258.60 268.52 278.18 287.99 297.71 307.35 317.07 326.85 336.48 346.11 355.72 365.08 374.65 384.20 393.61 403.24 412.33 421.92 431.33 440.42 449.61 459.22 468.51 477.27 486.53 495.55 504.83 513.91 522.77 531.77 540.49 549.50 558.12 567.12 575.60 584.21 593.11 601.35 610.03 618.60 626.77 635.15 643.73 651.69 659.74 667.85 675.96 684.01 691.91 699.62 707.98 715.11 723.24 730.41 738.51 745.58 753.50 760.78 768.27 774.97 782.78 789.68 797.12 804.05 811.37 818.54 825.51 832.25 838.72 845.88 852.13 859.00 865.42 872.39 878.81 885.69 891.95 898.62 904.56 911.30 917.23 923.96 930.26 936.18 942.20 948.23 954.28 960.27 966.62 972.35 978.38 984.18 989.68 995.51 1000.97 1006.48 1012.20 1017.40 1023.18 1028.32 1033.99 1039.67 1044.59 1049.87 1055.05 1060.54 1065.15 1070.75 1075.86 1080.77 1085.86 1091.10 1096.02 1100.98 1105.97 1110.52 1115.78 1120.22 1125.32 1129.89 1134.31 1139.33 1144.15 1148.76 1153.86 1158.28 1162.38 1166.95 1171.97 1176.63 1180.88 1185.51 1189.71 1194.24 1198.30 1202.63 1207.26 1211.35 1215.69 1220.28 1224.26 1229.23 1233.55 1237.21 1241.80 1245.71 1249.72 1253.81 1258.33 1262.91 1266.40 1271.12 1275.08 1279.07 1283.12 1287.21 1291.34 1295.49 1300.00 1303.32 1307.79 1311.35 1315.67 1319.09 1323.61 1327.16 1331.37 1335.43 1339.36 1343.17 1347.21 1351.13 1354.94 1358.69 1362.74 1366.71 1370.66 1374.56
-517.19 150137 1572.13 1572.15 1571.62 1571.31 1570.06 1569.73 1568.36 1567.82 1565.99 1564.72 1564.03 1561.76 1560.71 1558.80 1556.96 1555.06 1552.96 1550.82 1548.34 1546.37 1543.87 1541.95 1539.29 1535.80 1533.54 1530.28 1528.05 1524.65 1522.06 1518.10 1514.77 1511.93 1508.24 1504.01 1500.87 1496.69 1492.57 1488.42 1485.00 1480.58 1476.71 1472.05 1467.34 1462.84 1458.47 1453.34 1449.32 1443.98 1438.88 1433.50 1428.90 1423.17 1418.11 1412.44 1407.20 1401.61 1396.24 1390.59 1384.32 1378.63 1372.22 1366.28 1360.09 1354.08 1347.67 1341.36 1334.46 1327.98 1321.83 1314.93 1308.26 1301.23 1294.28 1287.36 1280.41 1273.37 1266.15 1258.70 1251.46 1243.92 1236.94 1229.59 1221.82 1214.51 1206.69 1199.22 1191.19 1183.84 1175.81 1168.44 1160.36 1152.76 1144.87 1136.54 1128.70 1120.84 1112.93 1104.45 1096.63 1088.64 1080.44 1072.00 1063.75 1055.49 1047.34 1038.82 1030.65 1022.06 1013.48 1005.15 996.77 988.13 979.37 970.72 962.15 953.64 944.92 936.20 927.46 918.86 909.79 901.06 892.22 883.68 874.79 865.78 857.01 848.06 838.90 829.92 821.12 812.08 803.18 794.39 785.32 776.35 767.08 757.89 749.14 740.05 730.99 721.57 712.70 703.29 694.38 685.07 676.09 666.70 657.77 648.27 639.18 630.01 620.75 611.52 602.18 593.07 583.84 574.48 565.13 555.97 546.66 537.33 528.17 518.83 509.43 500.15 490.69 481.49 472.09 462.51 453.20 444.03 434.69 425.27 415.96 406.45 397.17 387.65 378.34 369.13 359.68 350.43 340.93 331.60 322.02 312.53 303.21 293.63 284.23 274.90 265.43 255.99 246.72 237.19
-1504.67 150137 100.00 110.00 119.98 129.98 139.91 149.92 159.84 169.84 179.69 189.60 199.61 209.38 219.34 229.16 238.99 248.80 258.58 268.35 278.04 287.85 297.53 307.36 317.00 326.41 336.17 345.63 355.41 364.81 374.50 383.71 393.13 402.75 412.04 421.12 430.64 439.73 448.84 457.94 467.37 476.34 485.57 494.43 503.25 512.18 521.18 529.78 538.98 547.45 556.05 564.48 573.39 581.60 590.23 598.47 607.00 615.29 623.74 631.99 639.79 648.02 655.71 663.76 671.61 679.61 687.29 695.04 702.30 709.91 717.83 725.08 732.53 739.64 746.83 754.05 761.24 768.34 775.26 781.94 788.84 795.40 802.59 809.38 815.69 822.52 828.76 835.42 841.41 848.21 854.19 860.97 866.87 873.40 879.53 885.10 891.32 897.51 903.63 908.97 915.23 921.24 926.97 932.34 937.99 943.63 949.44 954.67 960.46 965.59 970.72 976.26 981.72 986.76 991.60 996.62 1001.77 1007.04 1011.92 1016.83 1021.68 1026.80 1031.05 1035.93 1040.61 1045.85 1050.43 1054.78 1059.60 1064.05 1068.09 1072.50 1077.25 1081.54 1086.10 1090.89 1095.12 1099.53 1103.32 1107.28 1112.18 1116.35 1120.57 1124.01 1128.68 1132.12 1136.70 1140.37 1144.80 1148.28 1152.83 1156.03 1160.22 1164.22 1167.99 1171.84 1175.42 1179.56 1183.41 1186.94 1190.49 1194.51 1198.16 1201.77 1205.80 1209.38 1212.78 1216.52 1219.76 1223.71 1227.14 1230.06 1233.71 1237.75 1241.30 1244.67 1248.33 1251.44 1255.17 1258.27 1261.93 1265.85 1269.12 1272.95 1276.08 1279.68 1282.61 1285.76 1289.39 1292.30 1295.72 1299.33 1302.53 1305.85 1309.63 1312.67
-469.01 150139 1572.11 1572.14 1571.62 1571.33 1570.10 1569.75 1568.26 1567.48 1566.30 1564.55 1563.25 1561.17 1560.19 1558.24 1556.23 1554.00 1551.63 1549.83 1547.56 1544.71 1542.35 1539.24 1537.35 1533.59 1530.91 1527.95 1524.64 1522.08 1518.08 1514.59 1511.51 1507.54 1503.76 1500.07 1496.44 1492.38 1488.19 1483.75 1479.85 1475.50 1470.66 1466.42 1461.48 1456.50 1451.31 1447.01 1441.61 1436.52 1431.37 1425.62 1420.36 1414.79 1409.52 1403.33 1397.21 1391.72 1385.48 1379.66 1373.53 1367.05 1360.64 1354.30 1347.87 1341.36 1334.61 1327.58 1320.69 1313.85 1306.98 1300.03 1292.48 1285.72 1278.70 1271.37 1263.64 1256.39 1248.66 1240.81 1233.25 1225.54 1218.01 1210.15 1202.42 1194.81 1186.38 1178.81 1170.36 1162.67 1154.07 1146.12 1137.97 1130.03 1121.84 1113.35 1105.29 1096.88 1088.36 1079.88 1071.67 1062.97 1054.46 1045.85 1037.38 1028.74 1020.16 1011.61 1002.82 994.02 985.14 976.58 967.69 958.64 949.81 940.77 931.88 923.14 914.15 904.86 896.03 886.89 877.77 868.68 859.74 850.25 841.25 832.20 822.73 813.69 804.57 795.35 786.00 776.87 767.25 758.28 748.80 739.60 730.20 720.94 711.47 702.22 692.74 683.45 673.90 664.53 655.21 645.62 636.17 626.76 617.49 607.93 598.47 589.01 579.34 569.94 560.62 550.97 541.37 531.73 522.42 512.77 503.16 493.78 484.14 474.69 464.97 455.53 446.01 436.21 426.59 417.22 407.50 398.04 388.29 378.70 369.08 359.69 349.91 340.34 330.66 321.19 311.34 301.70 292.25 282.42 272.79 263.34 253.51 243.87 234.42 224.58 215.16 205.42 195.77 186.01
-1532.49 150139 100.00 110.00 119.98 129.99 139.91 149.93 159.82 169.80 179.73 189.58 199.50 209.29 219.28 229.09 238.88 248.63 258.34 268.19 277.93 287.52 297.25 306.76 316.62 325.93 335.57 345.13 354.56 364.26 373.44 382.82 392.34 401.53 410.78 420.08 429.40 438.54 447.62 456.58 465.80 474.81 483.57 492.63 501.33 510.00 518.55 527.63 536.05 544.65 553.23 561.42 569.93 578.23 586.75 594.62 602.53 610.91 618.72 626.87 634.77 642.39 650.06 657.79 665.46 673.05 680.42 687.54 694.79 702.08 709.36 716.55 723.13 730.52 737.66 744.46 750.82 757.71 764.07 770.26 776.82 783.18 789.77 795.95 802.31 808.81 814.26 820.82 826.22 832.64 837.81 843.88 849.68 855.78 861.52 866.81 872.76 878.16 883.41 888.70 894.43 899.38 904.63 909.71 915.03 920.07 925.21 930.41 935.18 939.92 944.53 949.73 954.30 958.58 963.28 967.54 972.13 977.02 981.39 985.16 989.88 993.92 998.03 1002.20 1006.72 1009.97 1014.35 1018.61 1021.90 1026.21 1030.32 1034.18 1037.74 1041.83 1044.70 1049.22 1052.43 1056.37 1059.79 1063.56 1066.79 1070.62 1073.81 1077.52 1080.53 1084.03 1087.66 1090.51 1093.79 1097.19 1100.98 1103.92 1107.17 1110.41 1113.03 1116.46 1120.11 1122.77 1125.61 1128.29 1132.00 1134.65 1137.43 1140.94 1143.60 1146.91 1149.32 1152.66 1155.72 1157.84 1160.57 1164.16 1166.54 1169.81 1172.12 1174.95 1177.68 1181.19 1183.36 1186.28 1188.79 1192.07 1193.98 1196.62 1199.99 1201.96 1204.64 1208.00 1209.97 1212.61 1215.95 1217.89 1221.37 1223.66 1226.29 1228.49
-432.29 150140 1571.86 1571.63 1571.76 1571.07 1570.30 1569.38 1568.30 1566.90 1565.04 1563.72 1562.72 1560.95 1559.24 1557.47 1555.58 1553.45 1551.14 1548.39 1545.98 1544.02 1541.31 1537.68 1535.10 1532.32 1529.53 1526.31 1522.88 1519.75 1516.19 1512.13 1509.20 1505.14 1501.06 1496.92 1492.67 1488.99 1483.77 1480.17 1475.27 1470.57 1465.99 1461.37 1456.62 1451.31 1446.41 1441.46 1436.00 1430.35 1425.18 1419.25 1413.58 1408.07 1402.67 1396.13 1390.55 1384.23 1378.07 1371.47 1365.42 1358.79 1352.04 1345.60 1338.36 1331.29 1324.77 1317.73 1310.61 1303.79 1296.26 1288.87 1282.03 1273.86 1266.58 1259.25 1251.30 1243.55 1235.96 1228.00 1220.08 1212.15 1204.16 1196.09 1187.91 1180.01 1171.91 1163.55 1155.24 1147.05 1138.50 1130.31 1121.72 1113.41 1105.05 1096.47 1087.78 1079.21 1070.48 1061.80 1053.54 1044.59 1036.01 1026.92 1018.10 1009.52 1000.54 991.33 982.44 973.65 964.37 955.32 946.29 937.25 928.18 919.06 909.52 900.41 891.19 882.19 872.69 863.51 854.14 844.92 835.50 825.99 816.57 807.34 797.86 788.55 778.95 769.79 760.31 750.55 741.17 731.76 722.14 712.78 703.17 693.52 684.18 674.48 665.07 655.36 645.82 636.24 626.54 617.06 607.26 597.58 588.10 578.54 568.81 558.99 549.54 539.67 529.93 520.30 510.50 500.81 491.23 481.53 471.88 462.09 452.40 442.72 432.89 423.14 413.45 403.77 393.94 384.16 374.45 364.75 354.90 345.30 335.53 325.75 315.79 306.06 296.36 286.63 276.73 267.04 257.17 247.49 237.59 227.71 218.02 208.14 198.46 188.56 178.85 168.95 159.23 149.29
-1567.98 150140 100.00 109.99 120.01 129.99 139.96 149.91 159.85 169.76 179.59 189.51 199.48 209.32 219.17 229.01 238.83 248.60 258.33 267.95 277.66 287.49 297.11 306.47 316.13 325.74 335.35 344.82 354.21 363.71 373.06 382.21 391.81 400.95 410.08 419.18 428.23 437.55 446.14 455.51 464.24 473.07 481.96 490.83 499.63 508.11 516.83 525.53 533.90 542.16 550.73 558.78 567.02 575.38 583.81 591.41 599.72 607.48 615.36 622.87 630.86 638.34 645.72 653.38 660.30 667.38 674.99 682.09 689.10 696.44 703.03 709.77 717.11 722.97 729.84 736.65 742.73 749.06 755.57 761.63 767.73 773.82 779.84 785.74 791.49 797.64 803.50 809.00 814.55 820.29 825.50 831.25 836.37 841.94 847.44 852.57 857.52 862.69 867.56 872.52 878.24 882.72 887.87 892.07 896.79 901.98 906.38 910.30 914.89 919.69 923.46 927.71 932.01 936.28 940.50 944.62 947.74 951.87 955.73 960.14 963.33 967.29 970.80 974.68 978.06 981.17 984.51 988.40 991.60 995.25 998.11 1002.20 1005.40 1007.73 1011.21 1014.64 1017.38 1020.94 1023.72 1026.35 1030.00 1032.49 1035.89 1038.34 1041.32 1044.19 1046.67 1049.88 1051.96 1054.50 1057.72 1060.67 1063.01 1064.98 1068.38 1070.16 1072.42 1075.15 1077.17 1079.64 1082.55 1084.97 1087.60 1089.69 1092.13 1094.67 1096.56 1098.76 1101.26 1103.79 1105.64 1107.75 1110.15 1112.60 1114.35 1117.24 1119.37 1121.46 1122.75 1125.06 1127.49 1129.83 1131.35 1133.89 1135.50 1138.12 1139.61 1141.17 1143.71 1145.32 1147.90 1149.39 1151.84 1153.33 1155.71 1156.98
-398.94 150142 1572.37 1572.67 1572.38 1571.27 1571.13 1569.82 1568.29 1567.37 1565.97 1565.06 1563.44 1560.98 1559.45 1557.77 1554.90 1552.86 1550.27 1548.01 1546.24 1542.73 1540.20 1537.80 1534.22 1531.46 1528.22 1524.69 1521.36 1517.53 1513.97 1510.61 1506.12 1502.42 1498.57 1494.51 1490.18 1485.46 1481.04 1476.76 1471.75 1466.71 1461.97 1456.98 1452.04 1446.64 1441.84 1436.38 1430.18 1424.75 1419.06 1413.45 1407.23 1401.60 1395.18 1389.14 1382.73 1376.97 1370.08 1363.61 1356.94 1350.52 1343.20 1336.47 1329.69 1322.28 1315.17 1307.78 1300.49 1293.25 1285.49 1278.08 1270.45 1262.64 1254.49 1246.90 1238.84 1230.73 1223.00 1214.65 1206.88 1198.55 1190.22 1182.00 1173.42 1165.16 1156.46 1148.47 1139.99 1131.23 1122.78 1114.01 1105.69 1096.75 1088.22 1079.23 1070.60 1061.64 1052.93 1044.05 1034.97 1026.01 1017.17 1008.02 998.90 989.80 980.70 971.70 962.62 953.09 943.81 934.86 925.27 915.95 906.75 897.44 887.89 878.52 869.18 859.55 850.33 840.79 831.31 821.78 812.28 802.71 793.15 783.51 773.85 764.44 754.65 745.07 735.44 725.93 716.34 706.58 696.97 687.26 677.60 667.82 658.14 648.55 638.77 629.05 619.18 609.59 599.78 590.02 580.28 570.38 560.66 550.97 541.09 531.39 521.47 511.72 501.79 492.02 482.24 472.43 462.56 452.67 442.91 433.11 423.28 413.39 403.46 393.62 383.73 373.94 364.10 354.21 344.43 334.57 324.66 314.84 304.96 295.02 285.15 275.21 265.34 255.55 245.66 235.69 225.79 215.95 206.03 196.18 186.25 176.39 166.44 156.56 146.58 136.79 126.78 116.94
-1587.74 150142 100.00 110.01 120.00 129.94 139.97 149.89 159.78 169.74 179.64 189.62 199.49 209.20 219.09 228.96 238.57 248.36 258.02 267.76 277.64 287.04 296.72 306.44 315.80 325.42 334.88 344.23 353.66 362.90 372.25 381.68 390.64 399.93 409.16 418.31 427.32 436.14 445.11 454.16 462.82 471.46 480.26 488.93 497.63 506.04 514.84 523.22 531.10 539.50 547.72 556.01 563.85 572.12 579.80 587.77 595.45 603.67 610.93 618.55 626.00 633.68 640.53 647.92 655.29 662.01 669.04 675.78 682.63 689.54 695.85 702.57 709.04 715.28 721.09 727.63 733.55 739.40 745.77 751.28 757.62 763.15 768.69 774.39 779.53 785.18 790.13 796.21 801.51 806.36 811.71 816.51 822.11 826.61 831.84 836.26 841.31 845.76 850.70 855.29 859.48 863.94 868.63 872.65 876.77 880.92 885.05 889.42 893.63 896.78 900.50 905.04 907.97 911.60 915.54 919.21 922.21 925.68 929.26 932.02 935.98 938.98 942.17 945.20 948.32 951.22 954.14 956.80 959.42 962.86 965.00 967.89 970.59 973.72 976.54 978.77 981.55 983.92 986.51 988.62 991.14 994.04 996.12 998.48 1000.19 1003.09 1005.06 1007.22 1009.52 1011.04 1013.41 1015.91 1017.50 1020.02 1021.38 1023.65 1024.94 1027.11 1029.19 1031.16 1032.79 1034.27 1036.49 1038.52 1040.33 1041.87 1043.13 1044.91 1046.38 1048.47 1050.25 1051.74 1053.89 1055.56 1056.90 1058.84 1060.40 1061.53 1063.18 1064.32 1065.94 1068.06 1069.54 1070.49 1071.88 1073.70 1075.00 1076.75 1077.97 1079.60 1080.69 1082.23 1083.06 1085.26 1085.88 1087.74
-365.49 150143 1571.90 1571.70 1571.82 1571.01 1570.13 1569.01 1567.55 1566.63 1565.13 1563.08 1562.15 1560.28 1558.30 1556.05 1553.69 1551.81 1549.26 1545.96 1543.97 1541.10 1538.38 1535.44 1532.08 1528.53 1525.61 1521.94 1518.61 1514.60 1510.70 1506.38 1502.76 1498.06 1493.88 1490.08 1484.94 1480.75 1475.86 1471.37 1466.70 1460.97 1456.01 1450.53 1445.60 1439.95 1434.58 1428.68 1422.90 1417.12 1411.27 1405.26 1398.99 1392.36 1386.43 1379.96 1373.40 1366.57 1359.42 1352.34 1345.77 1338.63 1331.80 1324.26 1316.84 1309.99 1302.63 1294.71 1287.04 1279.09 1271.71 1263.50 1255.26 1247.73 1239.23 1231.34 1223.15 1214.59 1206.41 1197.78 1189.41 1180.94 1172.62 1163.72 1155.31 1146.25 1137.85 1129.15 1120.36 1111.46 1102.59 1093.53 1084.64 1075.50 1066.66 1057.71 1048.44 1039.73 1030.45 1021.29 1012.04 1002.68 993.67 984.51 975.17 965.63 956.31 947.05 937.52 928.12 918.71 909.06 899.75 890.07 880.68 870.92 861.40 851.75 842.05 832.53 822.84 813.05 803.40 793.80 784.08 774.43 764.58 754.78 745.04 735.33 725.62 715.87 705.94 696.20 686.44 676.63 666.79 656.92 647.02 637.26 627.44 617.53 607.73 597.85 587.91 578.05 568.11 558.24 548.42 538.52 528.52 518.70 508.78 498.76 488.90 478.94 469.00 459.07 449.15 439.24 429.33 419.33 409.43 399.44 389.55 379.54 369.63 359.62 349.70 339.76 329.82 319.78 309.82 299.94 289.96 279.96 270.03 260.08 250.12 240.13 230.14 220.20 210.17 200.26 190.26 180.30 170.33 160.33 150.37 140.39 130.39 120.43 110.45 100.44 90.45 80.49
-1613.78 150143 100.00 109.99 120.01 129.98 139.94 149.88 159.77 169.74 179.63 189.42 199.41 209.23 219.04 228.78 238.50 248.33 258.00 267.46 277.30 286.87 296.50 306.05 315.47 324.83 334.40 343.71 353.14 362.31 371.51 380.53 389.87 398.72 407.80 417.08 425.68 434.78 443.50 452.44 461.29 469.52 478.21 486.57 495.29 503.54 511.98 520.06 528.22 536.38 544.49 552.48 560.28 567.78 575.84 583.47 591.01 598.31 605.33 612.39 619.96 626.95 634.27 640.85 647.56 654.89 661.67 667.79 674.21 680.27 687.07 692.80 698.47 705.11 710.42 716.58 722.31 727.51 733.26 738.34 743.80 749.12 754.70 759.28 764.72 769.02 774.49 779.41 784.19 788.74 793.36 797.61 802.19 806.26 810.95 815.42 819.20 824.19 827.94 831.95 835.76 839.29 843.68 847.70 851.26 854.32 857.95 861.75 864.79 868.21 871.59 874.26 877.97 880.53 884.03 886.29 889.35 891.99 894.44 897.51 899.99 902.10 904.71 907.55 909.89 912.53 914.31 916.35 918.61 920.99 923.42 925.68 926.99 929.29 931.52 933.44 935.24 936.87 938.31 940.53 942.43 943.81 945.81 947.39 948.55 950.23 951.38 952.96 954.95 956.38 957.05 959.02 960.28 960.81 962.55 963.49 964.57 965.75 967.02 968.35 969.75 970.25 971.78 972.35 973.91 974.38 975.78 976.16 977.44 978.62 979.72 979.73 980.62 982.38 983.02 983.48 984.73 985.77 986.60 987.22 987.64 988.83 988.79 990.43 990.77 991.77 992.43 992.78 993.78 994.45 994.76 995.71 996.25 996.28 996.81 997.78
-348.62 150144 1571.57 1572.01 1570.81 1570.70 1569.48 1568.99 1567.21 1565.94 1564.99 1563.44 1561.00 1559.44 1557.67 1555.54 1553.15 1550.18 1547.36 1544.87 1542.42 1538.96 1536.43 1533.52 1530.38 1526.60 1523.26 1519.40 1515.79 1511.91 1508.00 1503.91 1499.57 1495.68 1491.33 1486.38 1481.47 1477.00 1472.42 1467.62 1461.77 1456.68 1452.18 1446.37 1440.98 1435.40 1429.29 1423.91 1417.81 1411.61 1405.86 1399.15 1393.10 1386.55 1380.00 1373.81 1366.81 1359.96 1353.13 1346.23 1338.71 1331.91 1324.30 1316.72 1309.61 1301.95 1294.54 1286.43 1278.40 1270.75 1262.67 1254.45 1246.81 1238.12 1229.92 1221.82 1213.58 1204.86 1196.38 1187.80 1179.32 1170.66 1161.99 1153.28 1144.48 1135.76 1126.87 1117.78 1108.88 1100.11 1091.03 1082.01 1072.64 1063.83 1054.45 1045.56 1036.22 1027.12 1017.90 1008.51 999.07 989.75 980.64 971.27 961.63 952.11 942.59 933.43 923.63 914.14 904.58 894.97 885.59 875.79 866.17 856.68 846.77 837.21 827.50 817.81 807.96 798.15 788.56 778.74 768.93 759.11 749.27 739.42 729.68 719.74 709.94 700.08 690.17 680.35 670.47 660.63 650.72 640.88 630.95 621.07 611.11 601.19 591.30 581.44 571.47 561.53 551.58 541.65 531.73 521.82 511.81 501.90 491.99 481.98 472.05 462.10 452.14 442.16 432.16 422.22 412.25 402.27 392.26 382.30 372.32 362.37 352.40 342.40 332.42 322.43 312.46 302.46 292.44 282.45 272.49 262.50 252.52 242.53 232.55 222.55 212.56 202.55 192.55 182.57 172.56 162.57 152.58 142.60 132.61 122.62 112.60 102.61 92.62 82.61 72.64 62.62
-1609.90 150144 100.00 110.01 119.95 129.98 139.90 149.91 159.76 169.68 179.65 189.53 199.25 209.14 218.99 228.75 238.46 248.02 257.62 267.31 277.01 286.41 296.10 305.67 315.16 324.43 333.85 343.08 352.41 361.62 370.83 379.95 388.96 398.19 407.19 415.89 424.61 433.56 442.45 451.23 459.38 467.99 476.97 485.12 493.55 501.84 509.77 518.22 526.15 533.99 542.19 549.63 557.60 565.16 572.71 580.59 587.74 595.02 602.33 609.57 616.17 623.54 630.03 636.55 643.62 650.04 656.78 662.64 668.61 675.07 680.96 686.65 693.17 698.18 703.92 709.78 715.46 720.39 725.68 730.81 736.13 741.12 746.11 751.02 755.77 760.66 765.24 769.44 773.99 778.81 783.02 787.34 790.89 795.67 799.20 803.83 807.42 811.58 815.45 818.89 822.21 825.83 830.02 833.52 836.26 839.33 842.38 846.54 848.73 851.91 854.81 857.61 861.14 863.25 865.97 869.21 870.83 873.80 876.19 878.67 880.45 882.39 885.39 887.30 889.21 891.10 892.91 894.60 896.95 898.19 900.17 901.85 903.20 905.13 906.65 908.50 909.84 911.62 912.82 914.40 915.36 916.63 918.14 919.85 920.75 921.81 922.87 924.04 925.29 926.64 927.06 928.47 929.86 930.21 931.44 932.52 933.40 934.05 934.46 935.60 936.44 936.99 937.25 938.17 938.74 939.90 940.63 940.88 941.68 942.01 942.86 943.23 943.13 943.54 944.46 944.90 945.73 946.01 946.72 946.87 947.39 947.34 947.65 948.32 948.30 948.58 949.15 950.05 950.24 950.72 950.56 950.75 951.27 951.13 952.29 951.90
