# 
# Dokument z dolzinami vzmeti, casi zajemov in tockami.
# 
# Obdelane so slike v obsegu od './slikePoravnane/nelin/000-145500.jpg' do './slikePoravnane/nelin/469-150149.jpg'.
# 
# Podatki so shranjeni v sledeci obliki:
# DolzinaVzmetiY[0], Cas[0], TockeY[0]
# DolzinaVzmetiX[0], Cas[0], TockeX[0]
# DolzinaVzmetiY[1], Cas[1], TockeY[1]
# DolzinaVzmetiX[1], Cas[1], TockeX[1]
# 	...
# DolzinaVzmetiY[:], Cas[:], TockeY[:]
# DolzinaVzmetiX[:], Cas[:], TockeX[:]
# 
# Koordinate x narascajo desno, y pa navzdol.
# Ce je 'DolzinaVzmeti' 10000.0, je bil nosilec povesen preko meja slike in ni bilo mogoce zajeti vseh tock.
# Nezajete tocke imajo koordinate 10000.0.
# 
# 
-978.44 145646 1573.26 1573.52 1573.69 1572.76 1572.69 1573.48 1573.18 1572.83 1572.46 1573.06 1572.63 1572.16 1572.65 1572.07 1572.41 1572.67 1571.88 1572.05 1572.20 1572.44 1572.75 1572.15 1572.64 1572.21 1572.86 1572.61 1572.41 1573.26 1573.19 1573.18 1573.26 1573.41 1573.67 1573.08 1573.63 1573.31 1574.11 1574.01 1574.04 1574.21 1574.51 1573.91 1574.40 1575.00 1574.72 1574.59 1574.61 1574.75 1575.06 1575.56 1575.26 1576.17 1576.30 1576.66 1576.24 1576.98 1576.92 1577.07 1577.41 1576.94 1577.67 1577.64 1577.87 1578.34 1578.02 1578.93 1579.06 1579.44 1579.05 1579.93 1580.06 1580.45 1580.11 1581.02 1581.20 1581.62 1581.28 1582.20 1582.36 1581.78 1582.43 1582.37 1582.59 1583.11 1583.93 1584.06 1584.56 1584.40 1584.52 1584.97 1585.75 1585.82 1586.19 1586.86 1586.83 1587.09 1587.66 1587.50 1587.63 1588.10 1588.87 1588.98 1589.45 1589.31 1589.51 1590.09 1591.06 1591.41 1591.16 1592.29 1591.86 1592.79 1593.11 1593.82 1593.89 1594.32 1594.11 1595.22 1594.71 1595.57 1595.79 1596.40 1596.39 1596.73 1597.44 1597.56 1598.09 1599.04 1599.36 1599.09 1600.23 1599.74 1600.64 1600.90 1601.57 1601.63 1602.09 1602.94 1603.19 1602.82 1603.80 1604.09 1604.72 1604.72 1605.07 1605.78 1605.83 1606.25 1606.02 1607.13 1607.60 1607.43 1607.60 1608.14 1609.06 1609.37 1609.09 1610.18 1610.65 1610.50 1610.73 1611.35 1611.34 1611.64 1612.31 1612.29 1612.60 1613.25 1614.21 1614.51 1614.20 1614.29 1614.73 1615.53 1615.68 1616.18 1617.03 1617.21 1617.71 1617.57 1617.78 1618.33 1618.23 1618.43 1618.91 1619.72 1619.83 1620.24 1620.99 1621.07 1621.44 1621.05 1621.77 1621.44
-914.21 145646 100.00 110.00 120.00 129.99 139.99 150.00 160.00 170.00 180.00 190.00 200.00 210.00 220.00 229.99 240.00 250.00 260.00 270.00 280.00 290.00 299.99 310.00 319.99 330.00 339.99 350.00 360.00 369.99 379.99 389.99 399.99 409.99 419.99 430.00 439.99 450.00 459.99 469.99 479.99 489.99 499.98 509.99 519.99 529.98 539.98 549.99 559.99 569.99 579.98 589.98 599.98 609.97 619.97 629.96 639.97 649.96 659.96 669.96 679.96 689.97 699.95 709.96 719.95 729.95 739.96 749.94 759.94 769.93 779.94 789.92 799.92 809.92 819.93 829.91 839.91 849.90 859.91 869.89 879.89 889.91 899.89 909.90 919.90 929.89 939.87 949.87 959.86 969.87 979.87 989.86 999.84 1009.84 1019.83 1029.82 1039.82 1049.82 1059.81 1069.82 1079.82 1089.81 1099.79 1109.79 1119.78 1129.79 1139.79 1149.78 1159.75 1169.74 1179.76 1189.72 1199.75 1209.72 1219.71 1229.69 1239.70 1249.69 1259.70 1269.67 1279.69 1289.67 1299.67 1309.65 1319.66 1329.65 1339.63 1349.64 1359.62 1369.59 1379.59 1389.61 1399.57 1409.60 1419.57 1429.57 1439.55 1449.55 1459.54 1469.52 1479.52 1489.54 1499.51 1509.51 1519.49 1529.50 1539.49 1549.47 1559.47 1569.47 1579.48 1589.45 1599.44 1609.45 1619.45 1629.44 1639.41 1649.40 1659.42 1669.39 1679.38 1689.39 1699.39 1709.37 1719.38 1729.38 1739.36 1749.36 1759.36 1769.34 1779.32 1789.31 1799.33 1809.34 1819.33 1829.30 1839.31 1849.29 1859.27 1869.27 1879.26 1889.27 1899.27 1909.26 1919.26 1929.26 1939.25 1949.23 1959.23 1969.23 1979.21 1989.21 1999.20 2009.22 2019.21 2029.21
-978.96 145647 1573.70 1573.39 1574.05 1573.63 1574.10 1573.42 1573.62 1573.69 1573.66 1573.55 1573.39 1573.20 1572.97 1572.73 1572.46 1573.16 1572.85 1572.51 1573.17 1572.86 1572.60 1572.42 1573.32 1573.29 1573.35 1573.52 1572.84 1573.27 1573.80 1573.43 1574.15 1573.94 1573.81 1573.75 1573.78 1573.90 1574.11 1574.42 1574.87 1574.44 1575.14 1574.94 1574.85 1574.89 1575.05 1575.34 1575.76 1575.32 1576.01 1575.87 1575.90 1576.13 1576.54 1576.17 1577.04 1577.11 1577.40 1576.86 1577.50 1577.35 1578.42 1577.70 1578.19 1578.91 1578.83 1578.94 1579.24 1579.72 1579.34 1580.15 1580.18 1580.43 1579.92 1580.66 1580.65 1580.89 1581.43 1581.22 1582.29 1581.63 1582.19 1583.02 1583.13 1583.50 1583.12 1584.00 1584.12 1584.50 1584.16 1585.10 1585.32 1584.83 1585.62 1585.70 1586.11 1586.81 1586.79 1587.06 1587.65 1587.54 1587.77 1588.33 1588.22 1589.46 1589.06 1589.99 1590.25 1589.87 1590.83 1591.15 1591.86 1591.90 1592.30 1592.04 1593.09 1593.48 1593.23 1594.30 1593.73 1594.58 1594.82 1595.48 1595.60 1596.13 1597.11 1597.51 1597.31 1597.50 1598.07 1599.03 1599.35 1599.05 1600.08 1600.47 1600.24 1600.35 1600.79 1601.58 1601.69 1602.15 1602.91 1603.00 1603.42 1603.20 1604.34 1603.85 1604.73 1604.94 1605.46 1605.34 1605.55 1606.04 1606.85 1606.97 1607.44 1607.25 1607.35 1607.78 1608.56 1608.68 1609.09 1609.82 1609.83 1610.14 1610.77 1610.67 1610.88 1611.44 1611.33 1611.58 1612.27 1612.34 1612.79 1613.59 1613.72 1614.14 1614.88 1614.88 1615.14 1615.74 1615.64 1615.78 1616.17 1616.81 1616.70 1616.83 1617.20 1617.81 1617.71 1617.95 1618.54 1618.56 1619.08 1619.96
-914.27 145647 100.00 110.00 120.00 130.00 140.01 150.00 160.00 170.00 180.00 190.00 200.00 210.00 220.00 230.00 240.00 250.00 260.00 270.00 280.00 290.00 300.00 310.00 320.00 330.00 340.00 350.00 360.01 370.00 380.00 390.00 399.99 410.00 420.00 430.00 440.00 450.00 460.00 469.99 479.99 489.99 499.99 509.99 519.99 529.99 539.99 549.99 559.98 569.99 579.98 589.98 599.99 609.98 619.98 629.99 639.97 649.97 659.97 669.98 679.97 689.97 699.95 709.97 719.96 729.95 739.95 749.95 759.95 769.94 779.95 789.94 799.94 809.94 819.95 829.93 839.94 849.94 859.92 869.93 879.91 889.93 899.92 909.90 919.90 929.89 939.91 949.89 959.89 969.88 979.89 989.87 999.87 1009.89 1019.87 1029.87 1039.86 1049.85 1059.85 1069.85 1079.83 1089.84 1099.84 1109.83 1119.84 1129.80 1139.82 1149.79 1159.79 1169.81 1179.78 1189.78 1199.76 1209.76 1219.75 1229.77 1239.74 1249.73 1259.75 1269.72 1279.74 1289.72 1299.72 1309.70 1319.70 1329.69 1339.65 1349.65 1359.66 1369.66 1379.65 1389.62 1399.62 1409.63 1419.60 1429.59 1439.61 1449.61 1459.60 1469.58 1479.58 1489.57 1499.55 1509.56 1519.55 1529.56 1539.53 1549.55 1559.53 1569.53 1579.51 1589.52 1599.52 1609.51 1619.49 1629.49 1639.48 1649.49 1659.49 1669.49 1679.47 1689.47 1699.46 1709.44 1719.45 1729.44 1739.43 1749.43 1759.43 1769.42 1779.43 1789.43 1799.41 1809.41 1819.40 1829.38 1839.38 1849.37 1859.36 1869.36 1879.36 1889.34 1899.35 1909.35 1919.34 1929.33 1939.34 1949.34 1959.33 1969.32 1979.32 1989.32 1999.31 2009.31 2019.30 2029.27
-926.62 145647 1572.98 1572.95 1572.84 1572.60 1573.18 1572.58 1572.83 1571.94 1571.90 1571.75 1571.48 1572.13 1571.71 1571.19 1571.54 1571.76 1570.85 1570.82 1570.69 1570.47 1571.19 1570.88 1570.55 1571.20 1570.83 1570.46 1571.08 1570.70 1570.29 1570.84 1570.35 1570.78 1570.18 1570.54 1570.85 1570.12 1570.36 1570.55 1570.68 1569.77 1569.81 1569.81 1569.76 1569.65 1569.49 1570.28 1570.02 1569.74 1569.41 1570.05 1569.68 1569.33 1569.99 1569.67 1569.36 1570.04 1569.69 1569.28 1569.82 1569.35 1569.88 1569.42 1569.97 1569.53 1570.08 1569.60 1570.07 1569.47 1569.78 1569.00 1569.18 1569.32 1569.45 1569.57 1569.62 1568.66 1568.72 1568.73 1568.70 1568.66 1568.55 1569.43 1569.32 1569.19 1569.07 1568.98 1568.92 1568.90 1568.91 1568.94 1568.93 1568.89 1568.82 1568.75 1568.60 1569.39 1569.11 1568.78 1568.41 1569.03 1568.63 1568.27 1568.97 1568.72 1568.49 1569.28 1569.11 1568.98 1568.84 1568.73 1568.66 1568.64 1568.68 1568.74 1568.82 1568.98 1569.19 1569.45 1569.70 1568.96 1569.23 1569.51 1569.79 1569.08 1569.37 1569.70 1569.10 1569.50 1569.94 1569.43 1569.94 1569.48 1570.02 1569.58 1569.14 1569.67 1569.16 1569.65 1569.13 1569.59 1569.02 1569.39 1569.71 1569.00 1569.25 1569.44 1569.57 1569.66 1568.69 1568.70 1568.66 1568.58 1569.46 1569.31 1569.12 1568.89 1568.63 1568.32 1568.98 1568.61 1568.21 1568.76 1568.28 1568.74 1568.12 1568.43 1568.72 1567.97 1568.21 1568.50 1568.84 1568.20 1568.53 1568.79 1567.97 1568.12 1568.16 1568.05 1567.87 1567.63 1568.33 1567.95 1567.48 1567.87 1567.12 1567.28 1567.33 1567.25 1567.09 1566.86 1566.59 1567.27 1566.90 1566.62
-976.97 145647 100.00 110.00 120.00 130.00 140.01 150.00 160.00 169.99 179.99 189.99 199.99 209.99 219.99 229.99 239.99 249.99 259.98 269.98 279.98 289.98 299.99 309.98 319.98 329.99 339.98 349.98 359.98 369.98 379.98 389.98 399.98 409.99 419.98 429.98 439.99 449.98 459.98 469.99 479.99 489.98 499.98 509.98 519.98 529.98 539.98 549.99 559.98 569.98 579.98 589.98 599.98 609.98 619.98 629.98 639.98 649.98 659.98 669.98 679.98 689.98 699.98 709.98 719.98 729.98 739.98 749.98 759.98 769.98 779.98 789.98 799.98 809.98 819.98 829.98 839.98 849.98 859.98 869.98 879.98 889.98 899.98 909.98 919.98 929.98 939.98 949.98 959.98 969.98 979.98 989.98 999.98 1009.98 1019.98 1029.98 1039.98 1049.99 1059.98 1069.98 1079.98 1089.98 1099.98 1109.98 1119.98 1129.98 1139.98 1149.98 1159.98 1169.98 1179.98 1189.98 1199.98 1209.98 1219.98 1229.98 1239.98 1249.98 1259.98 1269.98 1279.98 1289.98 1299.98 1309.98 1319.98 1329.98 1339.98 1349.98 1359.98 1369.98 1379.98 1389.98 1399.98 1409.98 1419.98 1429.98 1439.98 1449.98 1459.98 1469.98 1479.98 1489.98 1499.98 1509.98 1519.98 1529.98 1539.98 1549.98 1559.98 1569.98 1579.98 1589.98 1599.98 1609.98 1619.98 1629.98 1639.98 1649.98 1659.98 1669.98 1679.98 1689.98 1699.98 1709.98 1719.98 1729.98 1739.97 1749.98 1759.98 1769.97 1779.98 1789.97 1799.97 1809.97 1819.97 1829.98 1839.97 1849.97 1859.97 1869.97 1879.97 1889.97 1899.98 1909.97 1919.97 1929.97 1939.97 1949.97 1959.97 1969.97 1979.97 1989.97 1999.97 2009.97 2019.97 2029.97
-890.53 145648 1573.35 1573.68 1572.88 1572.93 1572.77 1572.41 1572.92 1572.27 1572.44 1572.47 1572.36 1572.13 1571.81 1571.33 1571.68 1571.86 1570.89 1570.74 1571.45 1571.01 1570.47 1570.85 1570.14 1570.36 1570.54 1570.64 1570.67 1569.62 1570.44 1570.14 1569.73 1569.19 1569.56 1569.85 1569.04 1569.14 1569.19 1569.17 1569.09 1568.92 1568.66 1568.27 1568.70 1568.94 1568.00 1567.87 1567.53 1567.99 1567.27 1567.40 1567.41 1567.30 1567.06 1566.73 1566.32 1566.78 1566.08 1566.21 1566.20 1566.04 1565.73 1565.25 1565.62 1565.86 1564.97 1564.94 1564.76 1564.41 1564.90 1564.21 1564.35 1564.32 1564.12 1563.73 1564.14 1563.34 1563.35 1563.16 1562.75 1563.12 1562.24 1562.17 1561.91 1561.41 1561.68 1561.70 1561.53 1561.14 1560.51 1560.65 1560.60 1560.36 1559.94 1559.29 1559.43 1559.38 1559.13 1558.68 1559.03 1558.20 1558.20 1558.04 1557.71 1558.18 1557.43 1557.46 1557.31 1556.96 1556.45 1556.73 1556.87 1555.89 1555.72 1556.34 1555.75 1555.92 1554.84 1554.54 1554.95 1554.09 1554.01 1553.72 1554.17 1553.36 1553.31 1553.04 1552.56 1552.84 1551.84 1551.62 1552.20 1551.55 1551.64 1551.50 1551.14 1550.51 1550.61 1550.46 1550.07 1549.44 1549.58 1549.48 1549.14 1548.53 1548.62 1548.41 1547.87 1548.01 1546.78 1547.21 1546.31 1546.08 1545.49 1545.56 1545.27 1544.62 1544.65 1544.31 1543.62 1543.63 1543.31 1542.69 1542.72 1542.34 1541.57 1541.45 1540.98 1540.15 1540.01 1539.52 1539.79 1539.74 1539.35 1538.62 1538.54 1538.08 1537.27 1537.10 1536.54 1536.65 1536.39 1535.69 1535.55 1535.02 1534.09 1533.80 1534.11 1533.04 1532.63 1532.91 1532.78 1532.29 1531.29 1530.53
-1032.42 145648 100.00 110.00 119.99 129.99 139.99 149.99 160.00 169.99 179.99 189.99 199.99 209.99 219.99 229.98 239.99 249.99 259.98 269.98 279.99 289.98 299.98 309.98 319.98 329.98 339.98 349.98 359.98 369.97 379.98 389.98 399.98 409.97 419.97 429.98 439.97 449.97 459.97 469.97 479.97 489.97 499.97 509.97 519.97 529.98 539.96 549.96 559.96 569.97 579.96 589.96 599.96 609.96 619.96 629.96 639.95 649.96 659.95 669.95 679.96 689.95 699.95 709.94 719.95 729.95 739.94 749.94 759.94 769.94 779.95 789.94 799.94 809.94 819.94 829.93 839.94 849.93 859.93 869.93 879.92 889.94 899.92 909.92 919.92 929.91 939.92 949.92 959.92 969.91 979.90 989.91 999.91 1009.90 1019.90 1029.89 1039.89 1049.89 1059.89 1069.88 1079.89 1089.88 1099.88 1109.88 1119.87 1129.88 1139.87 1149.87 1159.87 1169.87 1179.86 1189.87 1199.87 1209.85 1219.85 1229.87 1239.86 1249.86 1259.84 1269.84 1279.85 1289.83 1299.83 1309.83 1319.84 1329.82 1339.83 1349.82 1359.81 1369.82 1379.80 1389.80 1399.82 1409.80 1419.81 1429.81 1439.80 1449.79 1459.80 1469.80 1479.79 1489.78 1499.78 1509.78 1519.78 1529.76 1539.77 1549.77 1559.76 1569.77 1579.73 1589.75 1599.73 1609.72 1619.71 1629.72 1639.71 1649.70 1659.71 1669.70 1679.68 1689.69 1699.68 1709.67 1719.67 1729.67 1739.65 1749.65 1759.64 1769.61 1779.62 1789.61 1799.62 1809.62 1819.61 1829.59 1839.60 1849.59 1859.56 1869.57 1879.55 1889.56 1899.56 1909.54 1919.54 1929.53 1939.50 1949.50 1959.52 1969.48 1979.48 1989.49 1999.49 2009.48 2019.45 2029.42
-791.64 145649 1573.51 1574.00 1573.37 1573.53 1573.46 1573.15 1572.62 1572.87 1571.91 1571.75 1572.40 1571.80 1570.94 1570.83 1570.47 1570.85 1569.93 1569.70 1570.18 1569.43 1569.44 1569.19 1568.69 1568.90 1567.87 1567.59 1568.04 1567.18 1566.99 1566.45 1566.55 1566.30 1565.71 1565.76 1565.46 1564.84 1564.86 1564.51 1563.81 1563.71 1563.19 1562.24 1561.85 1562.01 1560.72 1560.96 1560.71 1559.99 1559.77 1559.06 1557.89 1558.26 1557.16 1556.59 1556.51 1555.91 1555.75 1555.06 1554.80 1554.00 1553.65 1552.74 1552.25 1551.26 1550.64 1550.43 1549.58 1549.10 1548.96 1548.17 1547.74 1546.68 1545.95 1545.57 1544.50 1543.71 1543.26 1543.10 1542.23 1541.67 1540.38 1539.36 1538.61 1538.11 1537.87 1536.87 1536.13 1535.63 1534.39 1533.36 1532.54 1531.94 1531.58 1530.45 1529.55 1528.87 1528.37 1527.08 1526.96 1526.02 1525.25 1524.63 1523.27 1523.10 1522.11 1521.28 1520.63 1519.15 1518.84 1517.68 1516.70 1515.87 1515.21 1514.65 1513.22 1512.89 1511.69 1510.60 1509.60 1508.68 1507.87 1507.18 1506.62 1505.17 1504.84 1503.64 1502.54 1501.51 1500.63 1499.78 1498.97 1498.20 1497.44 1496.70 1495.02 1494.37 1493.73 1492.14 1491.52 1490.93 1489.39 1488.84 1487.28 1486.69 1485.08 1484.44 1483.79 1482.14 1481.41 1480.74 1479.02 1478.24 1477.42 1476.55 1475.61 1474.59 1473.50 1472.34 1471.12 1469.84 1468.49 1468.03 1466.53 1465.93 1464.23 1463.39 1462.45 1461.52 1460.50 1459.44 1458.31 1457.10 1455.85 1454.52 1454.10 1452.58 1451.88 1450.02 1449.04 1447.96 1446.73 1445.32 1444.83 1443.18 1442.39 1441.43 1440.29 1438.98 1437.56 1437.03 1435.41 1434.62 1433.68 1432.64
-1136.95 145649 100.00 110.00 119.99 130.00 140.00 150.00 159.99 169.99 179.98 189.98 199.99 209.98 219.96 229.96 239.96 249.97 259.95 269.95 279.96 289.95 299.95 309.95 319.94 329.95 339.92 349.92 359.94 369.91 379.91 389.90 399.91 409.91 419.89 429.90 439.90 449.88 459.89 469.88 479.86 489.87 499.85 509.82 519.82 529.83 539.78 549.81 559.80 569.78 579.78 589.76 599.72 609.74 619.70 629.69 639.70 649.68 659.68 669.66 679.66 689.63 699.63 709.59 719.58 729.54 739.52 749.53 759.49 769.48 779.49 789.46 799.46 809.41 819.38 829.38 839.33 849.30 859.29 869.31 879.27 889.25 899.19 909.14 919.11 929.10 939.11 949.07 959.04 969.03 978.96 988.91 998.88 1008.86 1018.87 1028.81 1038.77 1048.75 1058.74 1068.67 1078.69 1088.65 1098.62 1108.60 1118.52 1128.54 1138.49 1148.46 1158.44 1168.35 1178.36 1188.30 1198.25 1208.22 1218.20 1228.19 1238.10 1248.11 1258.04 1267.98 1277.93 1287.89 1297.86 1307.84 1317.83 1327.74 1337.75 1347.68 1357.62 1367.57 1377.53 1387.50 1397.46 1407.44 1417.41 1427.38 1437.27 1447.25 1457.24 1467.13 1477.12 1487.11 1497.00 1507.00 1516.89 1526.88 1536.77 1546.76 1556.74 1566.63 1576.60 1586.59 1596.46 1606.44 1616.41 1626.37 1636.33 1646.27 1656.21 1666.15 1676.07 1685.99 1695.91 1705.91 1715.81 1725.80 1735.68 1745.64 1755.60 1765.56 1775.51 1785.45 1795.39 1805.32 1815.24 1825.15 1835.16 1845.06 1855.04 1864.90 1874.85 1884.79 1894.72 1904.62 1914.63 1924.50 1934.48 1944.44 1954.37 1964.29 1974.19 1984.19 1994.07 2004.05 2014.00 2023.95
-724.98 145649 1572.51 1573.00 1572.32 1572.40 1572.21 1571.73 1572.02 1571.08 1570.89 1570.45 1570.71 1570.64 1570.24 1569.49 1569.38 1568.87 1568.98 1567.70 1568.05 1567.04 1566.64 1566.84 1566.65 1566.07 1565.11 1564.75 1564.96 1564.73 1564.02 1563.81 1563.09 1561.87 1562.15 1560.89 1561.08 1560.72 1559.81 1559.33 1558.28 1557.64 1557.40 1556.55 1556.04 1555.83 1554.91 1554.35 1553.13 1553.20 1552.56 1551.21 1551.17 1550.44 1549.01 1548.82 1547.86 1547.13 1546.57 1545.20 1544.99 1543.95 1543.06 1542.29 1541.62 1540.03 1539.53 1538.11 1537.72 1536.37 1536.04 1534.76 1533.54 1532.36 1532.12 1530.88 1529.71 1528.54 1528.36 1527.12 1525.79 1524.38 1523.87 1522.28 1521.54 1520.66 1519.64 1518.50 1517.23 1515.83 1514.30 1513.61 1512.76 1510.90 1509.88 1508.70 1508.35 1506.82 1505.09 1504.14 1502.95 1501.53 1500.85 1498.97 1497.86 1496.52 1496.00 1494.24 1493.22 1491.95 1490.39 1489.52 1488.39 1486.99 1485.32 1484.27 1482.88 1482.17 1480.17 1478.94 1477.35 1476.38 1475.11 1473.53 1472.61 1471.30 1469.66 1468.66 1467.31 1465.56 1464.50 1463.03 1461.16 1459.86 1459.10 1456.90 1456.27 1454.24 1452.77 1451.98 1450.73 1449.03 1446.88 1446.20 1444.01 1443.28 1441.08 1439.35 1438.26 1436.66 1435.55 1433.98 1432.88 1431.22 1429.03 1428.24 1425.93 1425.16 1422.87 1421.98 1420.58 1418.63 1417.07 1415.93 1414.26 1412.02 1411.30 1409.02 1408.11 1406.63 1404.59 1402.97 1401.76 1400.01 1398.82 1397.07 1395.75 1393.85 1392.29 1390.11 1389.25 1386.82 1385.90 1384.31 1382.06 1381.09 1379.47 1377.17 1376.19 1374.52 1372.37 1370.59 1369.14 1367.98 1366.23 1363.98
-1191.69 145649 100.00 110.00 119.99 130.00 140.00 149.99 160.00 169.98 179.98 189.97 199.98 209.98 219.97 229.95 239.96 249.94 259.95 269.91 279.93 289.90 299.89 309.91 319.91 329.89 339.86 349.86 359.87 369.87 379.85 389.85 399.83 409.78 419.81 429.76 439.78 449.77 459.74 469.73 479.68 489.66 499.67 509.63 519.62 529.63 539.59 549.57 559.51 569.54 579.52 589.45 599.47 609.45 619.37 629.38 639.34 649.31 659.30 669.22 679.24 689.19 699.15 709.12 719.10 728.99 738.99 748.90 758.91 768.83 778.84 788.76 798.69 808.63 818.65 828.58 838.51 848.44 858.48 868.40 878.32 888.22 898.23 908.11 918.09 928.06 938.00 947.94 957.86 967.76 977.65 987.64 997.61 1007.46 1017.41 1027.34 1037.37 1047.26 1057.12 1067.08 1077.01 1086.91 1096.90 1106.74 1116.68 1126.59 1136.61 1146.46 1156.41 1166.33 1176.21 1186.19 1196.12 1206.02 1215.89 1225.84 1235.74 1245.73 1255.56 1265.48 1275.36 1285.32 1295.24 1305.11 1315.08 1324.99 1334.86 1344.82 1354.73 1364.58 1374.53 1384.42 1394.26 1404.17 1414.17 1423.95 1433.96 1443.78 1453.67 1463.66 1473.58 1483.44 1493.23 1503.24 1513.02 1523.02 1532.81 1542.66 1552.61 1562.48 1572.42 1582.30 1592.25 1602.11 1611.89 1621.89 1631.65 1641.65 1651.41 1661.39 1671.30 1681.11 1690.99 1700.93 1710.79 1720.56 1730.58 1740.34 1750.32 1760.21 1770.01 1779.88 1789.81 1799.66 1809.59 1819.44 1829.36 1839.18 1849.06 1858.83 1868.83 1878.56 1888.55 1898.42 1908.18 1918.16 1928.03 1937.78 1947.76 1957.62 1967.40 1977.24 1987.13 1997.08 2006.93 2016.69
-715.85 145650 1573.21 1573.41 1573.47 1573.39 1573.09 1572.53 1572.68 1572.52 1572.09 1571.37 1571.36 1571.05 1570.43 1570.48 1570.13 1569.35 1569.15 1568.54 1568.52 1568.14 1567.39 1567.28 1566.80 1566.89 1566.53 1565.75 1565.54 1564.87 1564.71 1564.05 1563.89 1563.26 1562.12 1561.44 1561.20 1560.44 1560.11 1560.19 1558.61 1558.39 1557.51 1556.99 1556.79 1555.85 1555.24 1554.89 1553.83 1553.03 1552.48 1551.20 1551.19 1550.46 1549.00 1548.76 1547.73 1546.90 1546.24 1545.75 1544.42 1543.27 1543.24 1542.37 1541.63 1540.02 1539.48 1538.01 1537.57 1536.16 1535.72 1534.26 1533.73 1532.21 1531.74 1530.21 1529.56 1528.82 1527.02 1526.10 1525.07 1523.90 1522.59 1522.14 1520.57 1519.83 1517.96 1516.93 1515.74 1514.36 1513.89 1512.23 1511.31 1510.13 1508.74 1508.10 1506.28 1505.19 1503.82 1502.20 1501.31 1500.15 1498.67 1497.97 1496.00 1494.73 1494.15 1492.27 1491.04 1489.48 1488.59 1487.35 1485.76 1484.79 1483.47 1481.92 1479.98 1478.64 1477.88 1476.75 1475.20 1473.21 1471.76 1470.86 1469.52 1467.82 1466.63 1464.99 1463.90 1462.37 1460.36 1458.84 1457.84 1456.37 1454.40 1453.05 1452.16 1449.80 1448.88 1447.47 1445.55 1444.05 1443.00 1441.34 1439.24 1437.55 1436.27 1434.42 1432.98 1431.93 1430.29 1428.10 1427.39 1425.08 1424.06 1422.41 1420.12 1419.14 1417.54 1415.47 1413.79 1412.45 1410.47 1408.82 1407.50 1405.48 1403.90 1402.62 1400.70 1399.08 1397.76 1395.78 1394.13 1393.00 1391.25 1388.82 1387.68 1385.89 1384.40 1382.22 1381.46 1379.01 1377.78 1375.80 1374.03 1372.49 1370.17 1369.25 1367.59 1365.20 1364.06 1362.24 1360.72 1358.56 1356.97 1355.85
-1207.48 145650 100.00 110.00 120.00 130.00 140.00 149.99 160.00 170.00 179.99 189.97 199.97 209.97 219.96 229.96 239.96 249.93 259.93 269.92 279.92 289.92 299.90 309.90 319.89 329.90 339.89 349.87 359.87 369.85 379.85 389.83 399.84 409.82 419.77 429.75 439.75 449.72 459.72 469.74 479.66 489.67 499.63 509.62 519.63 529.59 539.57 549.57 559.52 569.49 579.48 589.41 599.43 609.41 619.33 629.34 639.29 649.25 659.23 669.23 679.15 689.09 699.12 709.08 719.06 728.95 738.95 748.85 758.86 768.77 778.77 788.67 798.67 808.57 818.57 828.47 838.46 848.43 858.30 868.26 878.20 888.13 898.05 908.06 917.95 927.93 937.78 947.73 957.66 967.56 977.58 987.45 997.41 1007.34 1017.25 1027.24 1037.09 1047.04 1056.94 1066.82 1076.78 1086.72 1096.61 1106.60 1116.43 1126.35 1136.36 1146.20 1156.12 1166.00 1175.97 1185.90 1195.77 1205.73 1215.65 1225.53 1235.35 1245.26 1255.25 1265.19 1275.07 1284.89 1294.78 1304.76 1314.67 1324.53 1334.46 1344.33 1354.27 1364.15 1373.97 1383.85 1393.81 1403.70 1413.52 1423.43 1433.41 1443.16 1453.14 1463.04 1472.86 1482.75 1492.71 1502.57 1512.36 1522.22 1532.14 1541.97 1551.87 1561.82 1571.69 1581.47 1591.48 1601.24 1611.20 1621.07 1630.82 1640.80 1650.67 1660.46 1670.32 1680.23 1690.04 1699.91 1709.82 1719.63 1729.50 1739.43 1749.24 1759.11 1769.03 1778.84 1788.70 1798.65 1808.49 1818.23 1828.18 1838.01 1847.91 1857.68 1867.69 1877.42 1887.36 1897.16 1907.00 1916.89 1926.63 1936.62 1946.48 1956.22 1966.17 1976.00 1985.89 1995.67 2005.54 2015.48
-675.21 145651 1573.09 1573.16 1573.06 1572.70 1573.02 1571.98 1571.66 1572.01 1571.04 1570.80 1571.28 1570.48 1570.34 1569.84 1569.94 1569.62 1568.83 1568.56 1567.85 1567.71 1567.12 1566.08 1565.55 1565.55 1565.02 1564.98 1564.41 1563.32 1562.71 1562.51 1561.70 1561.29 1560.30 1559.68 1559.44 1558.54 1557.97 1557.70 1556.73 1556.02 1555.61 1554.44 1553.48 1552.73 1552.16 1551.75 1550.49 1549.39 1549.47 1547.71 1547.02 1546.44 1545.98 1544.64 1543.37 1543.11 1541.81 1540.48 1540.16 1538.82 1537.43 1536.98 1535.47 1534.87 1533.19 1532.45 1531.50 1530.34 1528.92 1527.31 1526.44 1525.34 1524.00 1522.41 1521.54 1520.38 1518.91 1517.22 1516.20 1514.86 1514.14 1512.04 1510.55 1509.68 1508.44 1506.80 1505.70 1504.20 1502.44 1501.24 1499.57 1498.45 1496.90 1495.90 1494.43 1492.46 1490.93 1490.01 1488.55 1486.53 1484.93 1483.80 1482.14 1479.92 1479.08 1477.69 1475.75 1474.34 1472.31 1470.63 1469.34 1467.44 1465.89 1464.84 1463.19 1460.95 1460.03 1458.46 1456.21 1454.29 1452.66 1451.45 1449.56 1447.95 1446.62 1444.60 1442.85 1441.34 1439.25 1438.31 1436.59 1434.11 1432.78 1430.68 1428.96 1427.50 1425.27 1424.23 1422.40 1419.77 1418.43 1416.28 1415.22 1413.29 1411.46 1408.77 1407.33 1406.01 1403.82 1401.68 1399.63 1397.66 1395.96 1394.32 1392.75 1390.27 1388.81 1386.47 1384.39 1383.32 1381.29 1379.31 1377.32 1375.31 1373.46 1371.60 1368.81 1367.03 1365.44 1363.88 1361.40 1359.92 1357.54 1355.14 1353.89 1351.68 1349.46 1348.11 1345.78 1343.63 1341.43 1340.15 1337.85 1335.49 1334.22 1331.94 1329.57 1328.10 1325.65 1323.34 1321.88 1319.18 1317.14 1315.21
-1237.47 145651 100.00 110.00 120.00 129.99 140.01 149.98 159.98 169.99 179.97 189.96 199.98 209.96 219.96 229.95 239.96 249.96 259.93 269.93 279.91 289.91 299.90 309.86 319.85 329.86 339.84 349.85 359.84 369.80 379.78 389.78 399.75 409.74 419.70 429.68 439.69 449.65 459.63 469.64 479.60 489.57 499.57 509.51 519.46 529.44 539.42 549.42 559.35 569.30 579.34 589.22 599.20 609.19 619.19 629.11 639.03 649.05 658.97 668.89 678.91 688.82 698.73 708.74 718.64 728.63 738.51 748.49 758.44 768.38 778.28 788.15 798.12 808.06 817.97 827.85 837.82 847.76 857.65 867.51 877.46 887.37 897.37 907.17 917.06 927.04 936.96 946.83 956.77 966.66 976.51 986.44 996.30 1006.25 1016.13 1026.08 1035.98 1045.79 1055.68 1065.65 1075.54 1085.35 1095.22 1105.16 1115.03 1124.80 1134.79 1144.70 1154.51 1164.42 1174.22 1184.07 1194.00 1203.82 1213.70 1223.66 1233.52 1243.29 1253.27 1263.15 1272.91 1282.73 1292.59 1302.53 1312.36 1322.23 1332.14 1341.94 1351.79 1361.68 1371.46 1381.45 1391.30 1401.02 1410.94 1420.72 1430.57 1440.47 1450.23 1460.20 1470.03 1479.72 1489.64 1499.41 1509.39 1519.20 1529.03 1538.70 1548.60 1558.53 1568.29 1578.07 1587.86 1597.66 1607.52 1617.38 1627.27 1636.97 1646.88 1656.61 1666.39 1676.37 1686.16 1695.97 1705.77 1715.56 1725.39 1735.22 1744.86 1754.70 1764.58 1774.46 1784.17 1794.07 1803.79 1813.51 1823.46 1833.21 1842.97 1852.90 1862.63 1872.39 1882.15 1892.10 1901.83 1911.56 1921.51 1931.25 1940.97 1950.87 1960.58 1970.31 1980.22 1989.87 1999.66 2009.47
-645.15 145652 1573.48 1573.93 1573.22 1573.29 1573.05 1572.44 1572.47 1572.17 1571.56 1571.61 1571.32 1570.65 1570.63 1570.23 1569.39 1569.04 1569.17 1567.81 1567.97 1567.64 1566.82 1566.51 1565.70 1565.38 1564.50 1564.04 1564.01 1563.35 1562.03 1561.98 1561.23 1560.79 1559.67 1558.87 1558.37 1557.14 1557.21 1556.51 1555.01 1554.70 1553.55 1552.54 1551.66 1550.91 1550.26 1549.64 1548.04 1547.44 1546.84 1545.24 1544.63 1543.03 1542.44 1541.83 1540.14 1539.29 1538.31 1537.20 1536.02 1534.70 1534.22 1532.61 1531.81 1529.81 1528.54 1527.95 1526.07 1524.82 1524.17 1522.19 1520.82 1520.24 1518.31 1516.97 1515.23 1514.07 1512.48 1511.38 1509.77 1508.61 1506.94 1505.88 1504.28 1502.16 1500.51 1499.28 1497.49 1496.11 1495.14 1492.63 1491.62 1489.95 1488.63 1486.70 1485.10 1483.78 1481.74 1480.17 1478.90 1476.93 1475.23 1473.81 1471.71 1469.86 1468.40 1466.20 1465.20 1463.45 1460.92 1459.57 1457.64 1455.92 1454.38 1452.01 1450.69 1448.53 1446.65 1444.80 1443.00 1441.25 1439.57 1437.00 1435.65 1433.41 1432.21 1430.17 1428.20 1426.28 1424.55 1421.83 1420.08 1418.31 1416.55 1414.00 1412.42 1410.79 1408.18 1406.69 1404.17 1402.55 1400.82 1398.06 1396.39 1394.67 1391.90 1390.00 1387.96 1386.00 1383.92 1381.63 1380.06 1377.33 1375.59 1373.64 1371.50 1369.17 1366.88 1364.42 1362.70 1360.79 1357.74 1355.64 1354.31 1351.83 1349.16 1347.46 1345.58 1343.50 1341.19 1338.87 1336.34 1334.51 1332.46 1330.37 1328.03 1325.44 1323.54 1321.55 1319.29 1316.79 1314.03 1312.10 1309.83 1308.19 1305.29 1303.24 1300.86 1299.09 1296.08 1293.98 1291.62 1289.91 1287.00 1285.15
-1265.31 145652 100.00 110.00 119.99 130.00 139.99 149.98 159.99 169.98 179.97 189.97 199.97 209.95 219.96 229.95 239.92 249.92 259.94 269.88 279.90 289.90 299.87 309.87 319.84 329.84 339.80 349.79 359.81 369.79 379.72 389.74 399.71 409.71 419.65 429.62 439.61 449.55 459.58 469.56 479.47 489.48 499.42 509.37 519.33 529.30 539.28 549.27 559.16 569.15 579.14 589.03 599.02 608.91 618.90 628.89 638.76 648.73 658.68 668.62 678.55 688.47 698.48 708.36 718.33 728.16 738.08 748.09 757.93 767.85 777.85 787.67 797.58 807.59 817.42 827.33 837.19 847.12 857.00 866.94 876.81 886.75 896.61 906.57 916.44 926.23 936.09 946.02 955.86 965.77 975.74 985.47 995.43 1005.29 1015.21 1025.03 1034.90 1044.82 1054.61 1064.49 1074.42 1084.23 1094.08 1103.98 1113.77 1123.60 1133.49 1143.26 1153.24 1163.08 1172.79 1182.71 1192.52 1202.37 1212.25 1221.99 1231.91 1241.68 1251.50 1261.33 1271.17 1281.02 1290.87 1300.56 1310.49 1320.24 1330.19 1339.98 1349.79 1359.60 1369.45 1379.11 1388.96 1398.80 1408.65 1418.34 1428.22 1438.09 1447.76 1457.67 1467.36 1477.23 1487.09 1496.73 1506.59 1516.45 1526.09 1535.91 1545.70 1555.50 1565.28 1575.02 1584.91 1594.55 1604.41 1614.22 1623.99 1633.71 1643.45 1653.15 1663.01 1672.83 1682.40 1692.17 1702.12 1711.81 1721.46 1731.33 1741.15 1750.94 1760.67 1770.40 1780.08 1789.92 1799.70 1809.48 1819.21 1828.87 1838.70 1848.50 1858.24 1867.93 1877.55 1887.37 1897.11 1907.00 1916.59 1926.38 1936.09 1945.95 1955.52 1965.30 1975.01 1984.88 1994.48 2004.31
-608.03 145652 1573.07 1573.13 1572.99 1572.59 1572.91 1571.92 1571.58 1571.89 1571.83 1571.40 1570.56 1570.28 1569.57 1569.38 1568.71 1568.50 1567.77 1567.51 1566.75 1566.46 1565.60 1565.17 1564.15 1563.56 1563.36 1562.54 1562.10 1561.99 1561.19 1560.65 1559.35 1558.28 1558.51 1556.86 1556.45 1555.20 1555.11 1554.18 1553.37 1552.67 1550.99 1550.30 1549.65 1547.98 1547.23 1546.40 1545.46 1544.42 1543.33 1542.16 1540.88 1539.49 1538.97 1537.32 1536.56 1535.57 1534.29 1532.71 1531.85 1530.66 1529.14 1527.26 1526.03 1524.43 1523.41 1522.06 1520.24 1518.94 1518.12 1515.80 1514.88 1513.43 1511.42 1509.82 1508.74 1507.03 1505.64 1503.58 1501.78 1500.26 1499.01 1497.07 1495.57 1493.36 1491.41 1489.70 1488.22 1486.94 1484.88 1483.17 1481.64 1479.30 1478.05 1475.99 1474.23 1472.58 1470.07 1468.58 1466.19 1464.79 1462.66 1460.53 1458.42 1457.29 1455.17 1453.22 1451.28 1449.30 1447.29 1445.19 1443.23 1441.22 1439.13 1436.92 1434.60 1433.35 1431.02 1428.57 1426.90 1424.10 1422.27 1420.28 1418.09 1415.68 1414.25 1411.70 1409.90 1406.91 1404.82 1402.42 1400.68 1398.67 1396.57 1394.16 1391.47 1389.44 1387.31 1384.87 1382.10 1380.16 1377.84 1376.10 1373.08 1370.88 1368.33 1366.36 1363.97 1361.42 1359.45 1357.00 1354.07 1351.87 1350.15 1347.03 1344.62 1342.67 1340.24 1337.58 1335.41 1332.75 1330.55 1328.11 1325.20 1322.72 1320.94 1318.62 1315.80 1313.68 1311.04 1307.91 1306.41 1303.48 1300.98 1298.93 1296.56 1293.64 1291.09 1288.20 1285.65 1283.46 1280.95 1278.78 1276.01 1273.86 1271.11 1268.73 1266.02 1263.68 1260.81 1258.59 1255.80 1253.43 1250.50 1248.03
-1296.17 145652 100.00 110.00 120.00 129.99 140.00 149.98 159.97 169.99 180.00 189.99 199.96 209.96 219.94 229.94 239.92 249.92 259.89 269.89 279.87 289.87 299.84 309.83 319.78 329.77 339.77 349.74 359.73 369.75 379.72 389.70 399.63 409.58 419.63 429.53 439.53 449.46 459.49 469.44 479.41 489.39 499.28 509.26 519.24 529.12 539.10 549.07 559.02 568.97 578.91 588.84 598.76 608.67 618.67 628.55 638.53 648.48 658.40 668.28 678.25 688.18 698.07 707.90 717.83 727.70 737.66 747.57 757.41 767.32 777.31 787.07 797.05 806.94 816.75 826.62 836.58 846.43 856.34 866.13 875.97 885.85 895.79 905.60 915.49 925.25 935.07 944.92 954.81 964.74 974.53 984.39 994.27 1004.01 1013.95 1023.73 1033.58 1043.44 1053.15 1063.04 1072.76 1082.68 1092.45 1102.22 1112.00 1121.97 1131.75 1141.55 1151.36 1161.17 1170.96 1180.74 1190.55 1200.34 1210.12 1219.87 1229.61 1239.56 1249.29 1258.99 1268.86 1278.49 1288.32 1298.12 1307.88 1317.59 1327.51 1337.19 1347.04 1356.62 1366.40 1376.10 1385.97 1395.77 1405.54 1415.25 1424.89 1434.69 1444.46 1454.16 1463.78 1473.60 1483.32 1493.19 1502.75 1512.51 1522.18 1531.99 1541.70 1551.37 1561.18 1570.88 1580.45 1590.21 1600.09 1609.62 1619.32 1629.14 1638.84 1648.49 1658.25 1667.89 1677.65 1687.35 1696.93 1706.62 1716.48 1726.21 1735.81 1745.59 1755.24 1764.76 1774.70 1784.27 1793.95 1803.75 1813.47 1823.04 1832.71 1842.29 1851.96 1861.72 1871.40 1881.17 1890.78 1900.56 1910.17 1919.89 1929.52 1939.24 1948.83 1958.58 1968.19 1977.91 1987.47 1997.17
-562.55 145653 1572.92 1572.83 1572.55 1572.98 1572.08 1571.80 1572.15 1571.12 1570.70 1570.86 1570.61 1569.88 1569.65 1568.91 1568.61 1567.73 1567.25 1566.15 1566.45 1565.13 1565.16 1564.52 1563.22 1563.24 1562.56 1561.17 1561.06 1560.20 1559.52 1558.02 1557.73 1556.55 1555.47 1555.46 1554.50 1552.61 1551.73 1550.87 1550.01 1549.12 1548.15 1547.09 1545.90 1544.58 1544.06 1542.35 1541.36 1540.14 1538.74 1538.05 1536.11 1534.85 1534.25 1532.37 1531.14 1529.49 1528.41 1526.86 1525.78 1524.24 1522.34 1520.85 1519.78 1518.11 1516.76 1514.76 1513.02 1511.72 1509.66 1507.82 1506.18 1504.76 1502.57 1500.55 1498.83 1497.22 1495.74 1493.38 1492.06 1489.82 1487.79 1485.84 1483.92 1481.99 1480.05 1478.28 1476.48 1474.64 1471.72 1469.83 1467.87 1465.78 1463.55 1462.12 1459.58 1458.01 1455.31 1453.36 1451.16 1448.95 1446.49 1444.72 1442.68 1440.56 1438.16 1435.46 1433.62 1431.49 1429.05 1426.27 1424.33 1422.02 1419.32 1417.15 1414.78 1412.89 1410.53 1407.71 1405.56 1402.95 1400.78 1398.38 1395.48 1393.05 1390.36 1388.10 1385.32 1383.17 1380.47 1378.14 1375.47 1373.17 1370.29 1367.98 1366.01 1363.41 1360.20 1357.50 1355.07 1353.15 1350.55 1347.23 1344.39 1341.75 1339.34 1336.48 1333.80 1331.33 1328.40 1325.64 1323.28 1321.06 1318.05 1315.44 1312.04 1309.97 1307.11 1304.41 1300.93 1298.75 1295.74 1293.11 1290.55 1287.14 1284.96 1281.96 1279.31 1276.78 1273.41 1270.36 1267.39 1264.73 1262.15 1259.88 1256.74 1253.64 1250.84 1248.05 1245.57 1242.24 1239.82 1236.72 1233.55 1230.62 1227.68 1224.99 1222.26 1219.54 1216.20 1213.83 1210.86 1207.93 1205.09 1202.55
-1327.26 145653 100.00 110.00 120.00 130.01 139.99 149.98 160.00 169.97 179.96 189.97 199.97 209.95 219.95 229.93 239.92 249.89 259.88 269.83 279.87 289.80 299.83 309.81 319.74 329.77 339.74 349.67 359.69 369.65 379.63 389.54 399.55 409.49 419.43 429.47 439.42 449.29 459.25 469.21 479.18 489.14 499.09 509.04 518.97 528.88 538.89 548.75 558.71 568.63 578.53 588.53 598.36 608.28 618.29 628.13 638.05 647.92 657.87 667.75 677.70 687.58 697.40 707.29 717.24 727.10 737.02 746.82 756.67 766.59 776.38 786.21 796.08 805.98 815.75 825.55 835.40 845.27 855.17 864.90 874.83 884.58 894.37 904.18 913.99 923.80 933.62 943.46 953.30 963.13 972.73 982.56 992.36 1002.14 1011.89 1021.81 1031.49 1041.39 1051.03 1060.84 1070.60 1080.35 1090.05 1099.90 1109.69 1119.46 1129.17 1138.81 1148.65 1158.42 1168.12 1177.74 1187.56 1197.29 1206.92 1216.68 1226.40 1236.23 1245.95 1255.55 1265.33 1274.98 1284.75 1294.45 1304.04 1313.74 1323.37 1333.11 1342.72 1352.50 1362.13 1371.85 1381.49 1391.23 1400.81 1410.54 1420.36 1430.02 1439.51 1449.14 1458.85 1468.69 1478.34 1487.80 1497.39 1507.04 1516.74 1526.33 1535.96 1545.66 1555.22 1564.83 1574.56 1584.32 1593.86 1603.52 1612.95 1622.75 1632.34 1641.97 1651.37 1661.15 1670.69 1680.34 1690.01 1699.43 1709.21 1718.76 1728.40 1738.08 1747.51 1757.04 1766.59 1776.23 1785.89 1795.65 1805.15 1814.66 1824.26 1833.87 1843.56 1853.00 1862.72 1872.23 1881.72 1891.28 1900.83 1910.47 1920.09 1929.71 1939.15 1948.88 1958.43 1967.99 1977.58 1987.26
-520.51 145654 1573.17 1573.32 1573.27 1572.92 1572.20 1572.05 1571.51 1571.56 1571.19 1570.39 1570.14 1569.41 1569.15 1568.39 1568.07 1568.10 1567.47 1566.16 1566.19 1565.55 1564.24 1564.21 1563.48 1562.01 1561.77 1560.74 1559.91 1559.22 1558.69 1557.26 1556.87 1555.52 1555.19 1553.86 1552.50 1552.10 1550.65 1549.06 1548.36 1547.51 1546.48 1545.24 1543.76 1542.96 1540.88 1539.57 1538.85 1537.76 1536.26 1534.38 1533.04 1531.26 1530.01 1528.30 1527.22 1525.62 1524.40 1522.55 1521.02 1519.78 1517.83 1516.17 1514.73 1512.71 1510.85 1509.12 1507.51 1505.02 1503.71 1501.47 1500.23 1498.07 1495.88 1493.69 1491.63 1489.48 1488.21 1485.85 1483.33 1481.81 1479.18 1477.31 1475.23 1473.10 1470.70 1469.01 1466.09 1464.04 1461.65 1459.87 1456.79 1455.47 1452.82 1450.71 1448.22 1445.52 1443.31 1440.64 1438.64 1436.15 1433.16 1430.82 1428.91 1426.51 1423.53 1421.17 1418.25 1415.92 1413.93 1411.28 1407.97 1406.14 1403.67 1400.47 1397.72 1395.16 1393.02 1390.15 1387.43 1384.18 1382.05 1379.19 1376.73 1373.48 1370.63 1367.89 1365.24 1362.90 1359.67 1356.75 1353.87 1351.00 1348.39 1345.77 1342.51 1339.26 1337.14 1334.08 1330.98 1328.09 1325.13 1322.37 1319.49 1316.80 1313.11 1310.51 1307.81 1304.07 1301.41 1298.60 1295.02 1292.18 1289.43 1286.48 1283.60 1280.50 1277.47 1274.19 1270.97 1267.51 1265.02 1261.37 1258.67 1255.70 1251.86 1248.66 1246.38 1242.95 1239.55 1236.82 1233.24 1230.29 1227.39 1224.23 1221.07 1217.60 1214.98 1211.10 1208.09 1204.77 1201.39 1198.54 1195.60 1192.30 1188.93 1185.21 1182.30 1179.29 1175.95 1172.61 1169.86 1166.30 1163.72 1160.51
-1361.53 145654 100.00 110.00 120.00 130.00 139.98 149.98 159.96 169.97 179.97 189.94 199.94 209.92 219.92 229.89 239.89 249.91 259.89 269.83 279.85 289.83 299.76 309.78 319.76 329.68 339.69 349.64 359.60 369.58 379.57 389.48 399.49 409.41 419.42 429.34 439.25 449.27 459.17 469.05 479.04 489.01 498.95 508.88 518.77 528.75 538.56 548.47 558.47 568.41 578.30 588.14 598.05 607.89 617.82 627.67 637.62 647.49 657.42 667.25 677.14 687.07 696.88 706.74 716.64 726.44 736.27 746.12 755.99 765.69 775.63 785.38 795.32 805.09 814.85 824.61 834.40 844.16 854.11 863.84 873.52 883.43 893.09 902.92 912.70 922.47 932.18 942.05 951.64 961.43 971.14 980.99 990.54 1000.51 1010.15 1019.93 1029.62 1039.25 1049.01 1058.65 1068.46 1078.14 1087.70 1097.42 1107.25 1116.96 1126.52 1136.24 1145.81 1155.54 1165.36 1175.00 1184.46 1194.33 1204.02 1213.51 1223.12 1232.79 1242.58 1252.16 1261.78 1271.26 1281.04 1290.63 1300.32 1309.80 1319.38 1329.00 1338.64 1348.38 1357.85 1367.42 1376.99 1386.57 1396.23 1405.88 1415.35 1424.81 1434.62 1444.14 1453.65 1463.22 1472.77 1482.39 1491.96 1501.60 1510.92 1520.59 1530.22 1539.53 1549.17 1558.77 1568.13 1577.72 1587.34 1596.89 1606.48 1615.98 1625.51 1634.96 1644.43 1653.82 1663.52 1672.85 1682.49 1692.04 1701.31 1710.78 1720.56 1729.96 1739.37 1748.99 1758.34 1767.90 1777.47 1786.96 1796.45 1805.83 1815.50 1824.75 1834.28 1843.72 1853.13 1862.72 1872.29 1881.73 1891.14 1900.44 1910.01 1919.55 1928.98 1938.41 1948.03 1957.39 1967.05 1976.53
-476.54 145654 1573.51 1573.99 1573.19 1573.06 1572.54 1572.56 1572.18 1571.39 1571.17 1570.51 1570.32 1569.55 1569.21 1568.32 1567.80 1567.55 1566.58 1565.89 1565.49 1564.36 1563.49 1562.83 1562.36 1561.06 1560.96 1559.92 1559.10 1558.32 1557.56 1555.80 1555.02 1554.18 1553.29 1552.27 1551.12 1549.81 1548.30 1547.55 1546.54 1545.25 1543.66 1542.67 1541.43 1539.78 1538.69 1537.13 1535.10 1533.55 1532.44 1530.80 1529.56 1527.89 1526.57 1524.59 1522.90 1521.47 1519.28 1518.24 1516.39 1513.86 1512.37 1510.97 1508.66 1506.35 1505.18 1502.99 1500.70 1498.28 1496.87 1494.29 1492.46 1490.43 1488.15 1485.85 1483.26 1481.29 1479.01 1476.57 1474.72 1472.48 1469.79 1467.82 1465.40 1462.48 1460.27 1457.56 1455.26 1452.65 1450.41 1447.57 1445.29 1442.39 1439.74 1437.61 1434.83 1432.30 1429.35 1426.64 1424.14 1422.08 1419.27 1416.60 1413.41 1410.36 1407.68 1405.09 1402.59 1399.50 1396.48 1393.75 1391.06 1388.35 1385.89 1382.49 1379.33 1377.01 1373.70 1370.54 1368.42 1365.23 1361.83 1358.56 1356.01 1352.63 1349.94 1346.44 1343.65 1340.03 1337.06 1334.09 1330.86 1327.66 1325.02 1321.46 1318.45 1315.41 1312.03 1308.59 1305.98 1302.08 1298.99 1295.48 1292.74 1289.57 1286.26 1282.52 1279.51 1276.03 1272.37 1269.44 1266.01 1262.41 1259.17 1255.72 1252.97 1248.80 1246.18 1242.10 1238.66 1235.86 1232.49 1228.88 1225.55 1221.94 1218.61 1215.01 1212.01 1208.40 1204.53 1201.28 1197.45 1194.24 1190.44 1187.20 1183.68 1180.38 1176.72 1173.59 1169.82 1166.60 1162.73 1159.35 1155.55 1151.93 1148.81 1145.31 1141.13 1137.45 1134.30 1130.51 1127.31 1123.85 1120.74 1117.54
-1387.46 145654 100.00 110.01 119.99 129.99 139.98 149.99 159.98 169.95 179.95 189.93 199.94 209.91 219.91 229.87 239.86 249.86 259.82 269.80 279.79 289.74 299.70 309.68 319.67 329.60 339.63 349.58 359.54 369.51 379.49 389.36 399.33 409.30 419.26 429.21 439.14 449.06 458.95 468.93 478.88 488.80 498.68 508.63 518.56 528.42 538.37 548.25 558.06 567.93 577.88 587.75 597.67 607.53 617.45 627.26 637.11 647.02 656.78 666.76 676.58 686.28 696.18 706.10 715.83 725.57 735.54 745.29 755.03 764.74 774.67 784.34 794.18 803.97 813.71 823.44 833.10 842.91 852.65 862.35 872.19 881.93 891.57 901.38 911.09 920.66 930.42 940.05 949.78 959.43 969.19 978.78 988.52 998.09 1007.74 1017.52 1027.13 1036.80 1046.36 1055.99 1065.67 1075.48 1085.08 1094.71 1104.21 1113.73 1123.37 1133.03 1142.71 1152.23 1161.77 1171.39 1181.02 1190.64 1200.35 1209.77 1219.26 1229.01 1238.45 1247.94 1257.76 1267.24 1276.65 1286.10 1295.78 1305.20 1314.84 1324.22 1333.83 1343.16 1352.71 1362.27 1371.73 1381.20 1390.87 1400.22 1409.76 1419.29 1428.70 1438.09 1447.77 1457.00 1466.51 1475.88 1485.51 1495.00 1504.44 1513.72 1523.26 1532.64 1541.95 1551.52 1560.92 1570.25 1579.71 1589.10 1598.73 1607.86 1617.55 1626.70 1636.09 1645.72 1655.13 1664.46 1673.89 1683.22 1692.65 1701.98 1711.53 1720.86 1730.09 1739.55 1748.80 1758.27 1767.53 1776.99 1786.35 1795.79 1805.10 1814.61 1823.87 1833.35 1842.57 1851.99 1861.24 1870.56 1880.07 1889.45 1898.55 1907.85 1917.35 1926.61 1936.09 1945.47 1954.98 1964.46
-471.36 145655 1573.38 1573.73 1572.86 1572.66 1573.06 1572.01 1571.55 1571.65 1571.29 1570.48 1570.17 1569.32 1568.93 1568.99 1568.44 1567.15 1567.13 1566.33 1564.81 1564.56 1563.55 1562.75 1562.13 1561.70 1560.40 1560.31 1559.25 1558.29 1557.33 1556.37 1555.36 1554.31 1553.19 1551.98 1550.63 1550.11 1548.41 1547.48 1546.30 1544.84 1543.08 1542.08 1540.72 1539.94 1537.76 1537.08 1534.92 1534.18 1531.90 1531.01 1529.55 1527.65 1526.11 1524.86 1522.92 1521.24 1519.77 1517.50 1515.55 1513.74 1512.01 1510.37 1508.76 1506.19 1504.75 1502.26 1500.62 1498.81 1495.87 1493.90 1491.72 1490.25 1487.58 1485.80 1482.79 1481.38 1478.72 1476.83 1474.55 1471.86 1469.87 1467.37 1464.39 1462.02 1460.07 1456.63 1454.77 1452.32 1449.31 1446.64 1444.55 1441.84 1439.41 1436.57 1433.99 1431.63 1428.77 1426.07 1423.73 1420.61 1417.63 1415.02 1412.54 1409.24 1407.20 1404.33 1401.80 1398.38 1396.14 1392.96 1389.73 1386.71 1383.65 1380.76 1377.78 1374.99 1372.07 1369.03 1366.09 1362.97 1359.91 1356.64 1354.35 1350.92 1347.54 1344.81 1341.21 1338.24 1335.28 1332.02 1328.73 1326.01 1322.35 1319.24 1316.08 1312.82 1309.15 1306.26 1302.95 1299.51 1296.53 1293.43 1289.87 1286.16 1283.21 1279.80 1277.14 1273.09 1269.73 1266.75 1263.57 1259.86 1256.79 1253.47 1249.60 1246.35 1242.50 1239.24 1235.70 1232.45 1228.93 1226.00 1222.44 1218.62 1215.05 1211.17 1207.85 1204.77 1201.38 1197.73 1194.36 1190.71 1187.33 1183.62 1180.46 1176.63 1173.32 1169.64 1166.12 1162.26 1158.96 1155.84 1152.31 1148.00 1144.99 1141.60 1137.46 1133.77 1130.56 1126.98 1123.61 1119.89 1116.36 1112.36
-1393.77 145655 100.00 110.00 119.99 129.98 140.01 149.97 159.96 169.98 179.97 189.94 199.94 209.91 219.90 229.92 239.91 249.84 259.87 269.83 279.75 289.76 299.71 309.68 319.66 329.66 339.58 349.61 359.56 369.51 379.47 389.42 399.37 409.31 419.25 429.18 439.09 449.10 458.96 468.92 478.85 488.75 498.60 508.56 518.47 528.45 538.24 548.25 558.04 568.04 577.81 587.79 597.69 607.51 617.39 627.32 637.13 646.99 656.89 666.64 676.45 686.28 696.13 706.00 715.87 725.56 735.47 745.17 755.04 764.88 774.47 784.28 794.04 803.96 813.61 823.46 833.03 842.96 852.61 862.44 872.17 881.81 891.62 901.30 910.86 920.58 930.40 939.84 949.69 959.39 968.94 978.57 988.36 997.99 1007.69 1017.29 1026.95 1036.67 1046.25 1055.88 1065.61 1075.12 1084.67 1094.32 1104.02 1113.47 1123.29 1132.87 1142.55 1151.97 1161.73 1171.22 1180.69 1190.22 1199.74 1209.32 1218.86 1228.47 1238.03 1247.56 1257.12 1266.62 1276.14 1285.59 1295.36 1304.76 1314.18 1323.81 1333.15 1342.70 1352.26 1361.71 1371.15 1380.79 1390.11 1399.61 1409.10 1418.55 1427.87 1437.45 1446.88 1456.27 1465.83 1475.34 1484.68 1493.98 1503.54 1512.95 1522.61 1531.78 1541.20 1550.76 1560.24 1569.53 1579.05 1588.49 1597.72 1607.18 1616.42 1625.88 1635.23 1644.69 1654.05 1663.63 1672.97 1682.22 1691.56 1700.79 1710.22 1719.75 1729.16 1738.47 1747.88 1757.20 1766.61 1775.90 1785.39 1794.64 1804.08 1813.37 1822.74 1831.97 1841.41 1850.92 1860.28 1869.33 1878.89 1888.30 1897.42 1906.72 1916.20 1925.53 1934.95 1944.24 1953.59 1962.77
-445.15 145656 1573.35 1573.67 1573.75 1573.48 1572.83 1572.73 1572.24 1571.31 1570.91 1571.02 1570.57 1569.53 1568.90 1568.67 1567.79 1567.18 1566.80 1565.65 1564.74 1564.04 1563.53 1562.18 1561.95 1560.88 1559.98 1559.17 1558.39 1557.61 1555.79 1554.87 1553.82 1552.64 1552.30 1550.79 1549.09 1548.17 1546.98 1545.49 1544.64 1543.42 1541.97 1540.09 1538.70 1537.81 1536.41 1534.45 1532.84 1531.58 1529.66 1528.24 1526.18 1525.37 1522.89 1521.63 1519.58 1517.84 1516.18 1514.57 1511.98 1510.33 1508.61 1506.07 1504.42 1502.68 1499.85 1497.98 1495.90 1493.58 1491.91 1488.96 1486.82 1485.28 1482.40 1480.29 1477.73 1475.67 1473.11 1470.26 1467.80 1465.75 1463.37 1460.39 1457.70 1455.53 1452.72 1450.19 1447.23 1444.46 1442.13 1439.96 1437.02 1434.24 1431.82 1428.55 1425.64 1422.81 1420.28 1417.77 1414.32 1412.02 1408.78 1405.79 1402.78 1399.98 1397.09 1394.10 1391.28 1388.34 1385.52 1382.52 1379.59 1376.42 1373.29 1369.87 1366.48 1363.70 1360.90 1356.88 1353.71 1351.06 1347.45 1344.34 1341.13 1337.50 1334.66 1331.43 1328.11 1324.66 1321.60 1318.34 1314.55 1311.45 1307.83 1304.89 1301.73 1298.08 1294.20 1290.95 1288.02 1283.89 1280.89 1277.54 1273.50 1269.98 1267.00 1263.39 1259.41 1255.95 1252.70 1249.11 1245.14 1241.32 1237.91 1234.96 1231.24 1227.09 1224.22 1219.70 1216.50 1212.85 1209.65 1205.67 1202.11 1198.92 1194.88 1191.17 1187.82 1183.63 1179.80 1176.36 1172.08 1169.05 1165.55 1161.20 1158.03 1154.32 1150.07 1146.96 1142.98 1139.31 1135.94 1131.66 1127.63 1123.86 1120.34 1116.75 1112.59 1108.70 1105.11 1101.46 1097.25 1094.26 1090.49 1086.15
-1411.74 145656 100.00 110.00 120.01 130.00 139.99 149.99 159.98 169.95 179.94 189.96 199.95 209.90 219.88 229.89 239.85 249.83 259.83 269.77 279.73 289.71 299.70 309.62 319.64 329.58 339.54 349.51 359.48 369.45 379.32 389.28 399.22 409.15 419.18 429.07 438.94 448.90 458.83 468.72 478.70 488.62 498.52 508.35 518.26 528.23 538.13 547.95 557.82 567.75 577.56 587.47 597.26 607.27 616.99 626.92 636.71 646.56 656.42 666.29 675.97 685.84 695.70 705.38 715.26 725.11 734.73 744.56 754.34 764.07 773.94 783.52 793.29 803.20 812.80 822.57 832.24 842.04 851.70 861.30 870.99 880.79 890.50 900.06 909.69 919.46 929.06 938.74 948.29 957.90 967.63 977.41 986.97 996.58 1006.29 1015.75 1025.32 1034.91 1044.59 1054.28 1063.68 1073.43 1082.90 1092.44 1101.98 1111.58 1121.15 1130.70 1140.29 1149.85 1159.45 1168.99 1178.55 1188.03 1197.53 1206.93 1216.34 1225.96 1235.56 1244.77 1254.25 1263.91 1273.25 1282.75 1292.22 1301.55 1311.15 1320.61 1330.04 1339.43 1348.96 1358.41 1367.67 1377.19 1386.51 1396.08 1405.57 1414.88 1424.12 1433.58 1443.15 1452.29 1461.84 1471.26 1480.43 1489.79 1499.35 1508.68 1517.86 1527.25 1536.71 1546.04 1555.23 1564.47 1573.88 1583.46 1592.74 1601.86 1611.47 1620.44 1629.93 1639.24 1648.72 1657.90 1667.25 1676.74 1685.90 1695.18 1704.61 1713.71 1722.94 1732.34 1741.40 1750.96 1760.32 1769.36 1778.86 1788.14 1797.21 1806.74 1815.92 1825.22 1834.65 1843.70 1852.86 1862.12 1871.48 1880.82 1889.92 1899.13 1908.47 1917.78 1926.87 1936.44 1945.70 1954.74
-400.21 145657 1573.23 1573.45 1573.42 1573.09 1572.33 1572.08 1571.37 1571.16 1570.44 1570.16 1569.30 1568.82 1568.68 1567.90 1567.41 1566.14 1566.07 1565.18 1564.46 1562.92 1562.50 1561.20 1561.06 1559.99 1558.94 1557.89 1556.82 1555.69 1554.44 1553.99 1552.32 1551.39 1550.20 1548.75 1547.97 1545.85 1545.33 1543.45 1542.26 1540.61 1539.40 1537.63 1536.30 1534.34 1532.70 1531.37 1529.48 1527.83 1526.40 1524.17 1523.03 1521.06 1519.17 1517.52 1514.94 1513.26 1511.51 1509.66 1506.95 1505.04 1502.94 1500.59 1499.14 1496.46 1494.40 1491.95 1489.27 1487.03 1484.29 1482.21 1479.58 1477.30 1474.67 1472.38 1469.45 1467.05 1464.88 1461.97 1459.52 1456.29 1454.09 1451.33 1447.74 1445.38 1442.14 1439.82 1436.83 1433.81 1430.99 1428.08 1425.39 1422.53 1419.53 1416.68 1412.72 1409.73 1406.51 1404.21 1400.73 1397.28 1394.42 1391.53 1388.31 1385.06 1381.39 1378.51 1375.52 1372.11 1368.57 1365.45 1362.14 1358.34 1355.21 1351.85 1348.76 1345.37 1341.36 1337.92 1335.00 1331.41 1327.44 1324.00 1320.74 1317.08 1313.56 1309.64 1306.16 1303.10 1299.27 1294.93 1291.82 1287.89 1284.30 1280.16 1277.21 1273.39 1269.01 1265.79 1261.68 1257.84 1254.26 1250.94 1246.65 1242.58 1238.71 1235.04 1231.22 1227.57 1223.25 1219.96 1215.60 1211.40 1208.18 1204.22 1200.38 1196.31 1192.35 1188.48 1184.71 1180.20 1176.64 1171.94 1168.11 1164.32 1160.57 1156.84 1151.94 1148.24 1144.23 1140.27 1136.37 1132.49 1128.65 1123.63 1119.85 1115.71 1111.57 1108.25 1104.10 1099.95 1095.78 1091.15 1087.66 1083.70 1079.66 1075.57 1071.41 1067.19 1062.94 1058.30 1054.83 1049.98 1045.74 1042.21
-1437.95 145657 100.00 110.00 120.00 130.00 139.97 149.97 159.95 169.95 179.93 189.93 199.90 209.88 219.90 229.87 239.86 249.79 259.81 269.77 279.75 289.65 299.65 309.58 319.61 329.55 339.49 349.44 359.38 369.32 379.24 389.26 399.13 409.09 419.02 428.91 438.90 448.70 458.72 468.56 478.49 488.35 498.29 508.13 518.04 527.86 537.72 547.64 557.46 567.32 577.23 586.98 596.94 606.75 616.57 626.43 636.12 645.98 655.83 665.66 675.30 685.12 694.90 704.62 714.54 724.19 733.98 743.67 753.31 763.06 772.68 782.47 792.12 801.86 811.51 821.25 830.82 840.53 850.30 859.87 869.57 879.05 888.82 898.43 907.80 917.53 927.00 936.74 946.29 955.82 965.41 974.98 984.61 994.20 1003.74 1013.33 1022.56 1032.10 1041.57 1051.34 1060.72 1070.11 1079.70 1089.28 1098.75 1108.20 1117.52 1127.10 1136.65 1146.05 1155.41 1164.91 1174.35 1183.61 1193.11 1202.53 1212.05 1221.45 1230.63 1240.02 1249.61 1258.94 1268.13 1277.52 1286.98 1296.29 1305.64 1314.85 1324.23 1333.77 1343.01 1352.05 1361.57 1370.77 1380.10 1389.22 1398.81 1408.05 1417.06 1426.55 1435.67 1444.91 1454.25 1463.69 1472.74 1481.88 1491.10 1500.41 1509.65 1518.96 1527.99 1537.46 1546.47 1555.55 1565.05 1574.23 1583.47 1592.60 1601.79 1611.01 1620.27 1629.22 1638.57 1647.43 1656.67 1665.93 1675.20 1684.49 1693.25 1702.55 1711.71 1720.90 1730.10 1739.32 1748.56 1757.28 1766.54 1775.64 1784.74 1794.21 1803.31 1812.41 1821.50 1830.38 1839.78 1848.96 1858.11 1867.24 1876.33 1885.40 1894.45 1903.33 1912.73 1921.51 1930.56 1939.95
-376.09 145657 1572.42 1572.84 1572.04 1571.87 1572.28 1571.22 1570.69 1570.70 1570.22 1569.19 1568.55 1568.26 1567.30 1566.65 1566.24 1566.00 1564.97 1564.10 1563.36 1562.74 1561.21 1560.72 1559.30 1559.00 1557.69 1556.34 1555.93 1554.44 1553.78 1551.89 1550.71 1550.24 1548.48 1547.33 1545.77 1544.78 1543.37 1541.67 1540.43 1538.66 1537.29 1535.33 1533.69 1532.32 1530.23 1529.47 1526.94 1525.52 1523.27 1522.07 1519.98 1518.10 1516.25 1514.36 1512.41 1510.33 1508.26 1505.97 1503.46 1501.64 1499.69 1497.40 1494.71 1492.55 1490.17 1487.34 1484.90 1483.08 1479.74 1477.66 1475.18 1472.03 1470.04 1467.55 1464.32 1461.20 1459.36 1455.72 1453.30 1450.94 1447.64 1444.57 1441.44 1439.44 1436.43 1433.31 1430.32 1427.15 1424.05 1420.71 1417.39 1414.96 1411.34 1408.60 1405.52 1402.08 1398.56 1395.85 1391.81 1389.42 1385.68 1382.69 1379.18 1375.49 1372.44 1368.83 1365.85 1362.27 1358.40 1355.10 1351.17 1347.77 1344.88 1341.24 1337.18 1333.55 1329.99 1326.82 1323.12 1319.42 1315.19 1312.16 1308.25 1304.67 1300.53 1296.69 1292.79 1289.13 1285.69 1281.60 1277.36 1274.16 1270.31 1266.64 1261.94 1258.25 1254.72 1250.45 1247.12 1242.68 1238.29 1234.80 1230.51 1227.10 1222.88 1218.37 1215.07 1210.58 1206.93 1202.43 1198.74 1194.18 1190.37 1186.11 1181.78 1177.36 1173.68 1169.90 1165.21 1161.25 1157.19 1153.02 1148.75 1144.34 1140.57 1136.28 1131.85 1127.29 1123.40 1119.37 1115.20 1110.88 1106.42 1102.58 1098.59 1094.41 1089.67 1085.91 1080.75 1077.41 1072.68 1068.52 1064.10 1059.43 1055.73 1051.40 1046.81 1042.77 1038.49 1033.99 1029.29 1025.26 1021.16 1017.09
-1455.09 145657 100.00 110.00 119.99 129.99 140.01 149.97 159.96 169.97 179.96 189.92 199.90 209.90 219.86 229.84 239.83 249.85 259.80 269.76 279.73 289.72 299.62 309.61 319.52 329.54 339.46 349.38 359.39 369.28 379.27 389.12 399.05 409.07 418.92 428.86 438.74 448.70 458.60 468.46 478.38 488.23 498.13 507.95 517.81 527.72 537.51 547.53 557.23 567.14 576.89 586.85 596.63 606.45 616.28 626.10 635.90 645.68 655.47 665.20 674.89 684.73 694.54 704.28 713.92 723.68 733.39 742.99 752.69 762.55 772.01 781.81 791.49 801.00 810.82 820.51 829.99 839.50 849.38 858.73 868.44 878.17 887.63 897.14 906.64 916.49 926.03 935.53 945.07 954.56 964.07 973.49 982.93 992.66 1001.99 1011.62 1021.14 1030.53 1039.89 1049.54 1058.72 1068.48 1077.76 1087.31 1096.68 1105.98 1115.51 1124.84 1134.39 1143.73 1152.96 1162.41 1171.61 1181.02 1190.62 1199.93 1209.08 1218.40 1227.75 1237.24 1246.54 1255.83 1264.90 1274.46 1283.67 1293.01 1302.12 1311.36 1320.56 1329.88 1339.27 1348.40 1357.47 1366.97 1376.20 1385.50 1394.37 1403.67 1413.03 1422.08 1431.54 1440.51 1449.51 1458.90 1467.94 1477.36 1486.43 1495.37 1504.84 1513.80 1523.11 1532.06 1541.36 1550.28 1559.53 1568.58 1577.59 1586.57 1595.88 1605.15 1614.00 1623.18 1632.32 1641.41 1650.45 1659.43 1668.71 1677.74 1686.71 1695.62 1704.84 1713.99 1723.08 1732.10 1741.05 1750.30 1759.47 1768.56 1777.38 1786.66 1795.28 1804.77 1813.59 1822.68 1831.65 1840.51 1849.82 1858.83 1867.73 1876.88 1885.91 1894.85 1903.68 1912.84 1921.96 1931.09
-320.71 145658 1572.26 1572.46 1572.35 1571.89 1571.97 1571.54 1570.65 1570.25 1569.30 1568.73 1568.50 1567.57 1566.91 1566.50 1565.29 1565.16 1564.14 1563.20 1562.35 1561.56 1559.78 1559.05 1558.29 1557.47 1556.56 1555.49 1554.21 1552.66 1551.82 1550.63 1549.06 1547.06 1545.59 1544.78 1543.47 1541.64 1540.22 1538.22 1536.52 1535.11 1533.92 1531.94 1530.29 1528.73 1526.23 1524.72 1522.21 1520.80 1518.33 1516.72 1514.00 1512.32 1510.45 1508.34 1505.94 1503.16 1501.15 1498.69 1496.73 1494.27 1491.54 1489.21 1486.26 1483.84 1481.68 1478.78 1476.24 1473.77 1470.69 1467.63 1464.86 1462.06 1459.18 1456.49 1453.67 1450.04 1447.09 1444.19 1440.98 1437.79 1434.27 1431.60 1428.54 1425.38 1421.78 1418.94 1414.71 1412.04 1408.26 1404.81 1401.99 1397.69 1394.84 1391.68 1387.86 1384.55 1380.49 1376.88 1373.68 1370.02 1366.37 1362.20 1359.27 1354.61 1351.11 1347.92 1343.78 1339.94 1336.35 1332.95 1328.50 1324.22 1320.93 1316.90 1312.97 1309.09 1304.90 1300.73 1296.56 1293.23 1289.06 1284.85 1280.60 1277.14 1272.39 1268.38 1264.27 1260.05 1255.72 1252.07 1247.42 1243.41 1239.19 1234.77 1230.91 1225.61 1222.04 1217.02 1212.92 1208.56 1204.72 1200.19 1195.71 1191.71 1186.96 1183.04 1177.51 1173.60 1169.27 1164.55 1160.20 1155.43 1151.01 1146.93 1142.39 1137.39 1133.12 1127.96 1124.31 1119.38 1114.77 1110.49 1105.71 1101.15 1096.82 1091.94 1087.34 1082.62 1078.14 1073.91 1069.17 1063.91 1059.69 1054.91 1050.76 1045.62 1041.05 1036.67 1031.68 1026.89 1022.70 1017.47 1012.77 1008.20 1003.76 998.69 994.17 989.78 984.78 979.96 975.32 970.05 966.10 961.71
-1479.60 145658 100.00 110.00 120.00 129.99 140.00 149.99 159.96 169.96 179.92 189.90 199.91 209.87 219.85 229.84 239.78 249.80 259.75 269.71 279.67 289.64 299.51 309.49 319.47 329.43 339.39 349.34 359.26 369.14 379.11 389.04 398.92 408.74 418.63 428.62 438.53 448.37 458.27 468.07 477.93 487.83 497.78 507.58 517.44 527.33 537.03 546.92 556.62 566.54 576.24 586.12 595.76 605.63 615.46 625.23 634.94 644.56 654.36 664.06 673.87 683.57 693.19 702.92 712.48 722.18 731.96 741.53 751.21 760.90 770.42 779.94 789.55 799.15 808.73 818.36 827.96 837.30 846.86 856.43 865.90 875.38 884.74 894.40 903.92 913.41 922.74 932.34 941.45 951.12 960.39 969.77 979.39 988.46 998.07 1007.56 1016.81 1026.25 1035.40 1044.73 1054.21 1063.52 1072.83 1081.94 1091.53 1100.44 1109.81 1119.30 1128.42 1137.65 1146.99 1156.40 1165.38 1174.43 1183.90 1193.05 1202.24 1211.46 1220.55 1229.63 1238.73 1248.19 1257.28 1266.35 1275.40 1284.81 1293.64 1302.80 1311.92 1320.98 1330.00 1339.33 1348.19 1357.36 1366.43 1375.40 1384.63 1393.18 1402.56 1411.24 1420.37 1429.37 1438.62 1447.53 1456.47 1465.65 1474.46 1483.68 1492.10 1501.32 1510.34 1519.15 1528.16 1536.95 1545.93 1555.07 1563.98 1572.65 1581.70 1590.30 1599.66 1608.37 1617.25 1626.29 1635.08 1643.98 1653.00 1661.73 1670.61 1679.43 1688.37 1697.44 1706.24 1714.78 1723.86 1732.65 1741.76 1750.35 1759.25 1768.24 1776.92 1785.69 1794.79 1803.34 1812.16 1821.06 1830.03 1838.66 1847.58 1856.57 1865.24 1874.00 1882.86 1891.38 1900.61 1909.60
-292.24 145659 1572.88 1572.74 1572.31 1572.49 1572.20 1571.37 1571.01 1571.10 1570.59 1569.44 1568.62 1568.08 1567.79 1566.76 1565.87 1565.05 1564.29 1563.60 1561.94 1561.39 1560.80 1559.16 1558.43 1557.60 1556.61 1555.38 1553.91 1552.14 1551.05 1549.57 1548.61 1547.14 1545.17 1543.80 1542.84 1541.26 1539.05 1538.14 1536.55 1534.21 1533.20 1531.34 1529.54 1526.78 1524.92 1522.97 1521.11 1519.11 1516.92 1514.52 1513.08 1510.43 1508.45 1506.16 1503.70 1501.74 1499.29 1496.28 1493.84 1491.74 1488.98 1486.69 1483.68 1480.83 1478.32 1475.87 1472.81 1469.68 1466.74 1463.68 1460.79 1457.71 1454.40 1452.04 1448.48 1445.83 1441.94 1438.86 1435.66 1432.92 1428.82 1426.29 1422.70 1419.44 1415.92 1412.67 1409.11 1405.24 1401.57 1398.38 1394.74 1391.20 1387.22 1383.65 1380.45 1376.37 1372.61 1369.13 1365.60 1361.46 1357.55 1353.86 1350.01 1346.32 1342.78 1338.54 1334.03 1330.82 1326.45 1322.94 1318.60 1315.09 1310.34 1306.34 1302.23 1298.00 1293.65 1289.94 1285.24 1281.17 1276.90 1272.43 1268.57 1264.48 1260.16 1255.60 1251.55 1247.17 1242.46 1238.22 1233.63 1229.45 1224.89 1220.72 1216.13 1211.13 1206.48 1202.20 1197.44 1193.40 1188.48 1184.25 1179.52 1175.05 1170.83 1166.07 1161.54 1156.46 1151.57 1147.27 1142.37 1137.61 1132.98 1128.47 1123.30 1119.43 1114.12 1109.70 1104.63 1099.68 1095.24 1090.88 1085.82 1080.81 1076.26 1071.70 1066.41 1061.14 1057.09 1052.32 1047.60 1042.17 1037.98 1032.63 1027.73 1022.84 1018.33 1013.78 1008.42 1003.80 998.37 994.02 988.80 983.49 979.29 974.25 969.14 964.40 959.64 954.09 949.72 944.49 939.77 934.24
-1492.48 145659 100.00 110.00 119.99 130.00 140.00 149.97 159.97 169.99 179.97 189.92 199.89 209.87 219.88 229.83 239.79 249.76 259.73 269.71 279.59 289.59 299.58 309.46 319.44 329.41 339.36 349.29 359.18 369.04 378.98 388.87 398.83 408.73 418.54 428.45 438.42 448.29 458.07 468.05 477.93 487.67 497.65 507.47 517.31 526.96 536.78 546.59 556.42 566.22 575.97 585.69 595.61 605.26 615.07 624.80 634.50 644.31 654.01 663.56 673.25 683.05 692.66 702.40 711.94 721.53 731.21 740.91 750.43 759.94 769.49 779.01 788.59 798.10 807.54 817.29 826.65 836.30 845.54 855.06 864.53 874.17 883.32 893.04 902.38 911.83 921.19 930.65 940.00 949.23 958.53 968.02 977.33 986.68 995.86 1005.20 1014.69 1023.83 1033.10 1042.48 1051.84 1060.95 1070.15 1079.45 1088.67 1097.97 1107.33 1116.39 1125.34 1134.85 1143.85 1153.23 1162.25 1171.63 1180.46 1189.62 1198.74 1207.80 1216.81 1226.11 1234.95 1244.09 1253.13 1262.08 1271.32 1280.44 1289.47 1298.37 1307.52 1316.51 1325.33 1334.39 1343.28 1352.37 1361.27 1370.36 1379.25 1387.93 1396.78 1405.82 1414.62 1423.79 1432.50 1441.57 1450.38 1459.33 1468.41 1477.20 1486.12 1494.74 1503.47 1512.51 1521.23 1530.02 1538.89 1547.82 1556.39 1565.67 1574.17 1583.14 1591.77 1600.46 1609.43 1618.44 1627.07 1635.73 1644.64 1653.54 1662.05 1670.56 1679.75 1688.54 1697.35 1705.78 1714.89 1723.36 1732.08 1740.80 1749.73 1758.65 1767.11 1775.98 1784.40 1793.43 1801.96 1810.45 1819.56 1828.20 1836.80 1845.61 1854.40 1862.76 1871.77 1880.30 1889.12 1897.48
-285.08 145659 1572.61 1572.19 1572.50 1572.38 1571.84 1571.79 1571.22 1570.12 1569.42 1569.08 1569.07 1568.37 1566.93 1566.75 1565.76 1564.86 1564.02 1563.26 1562.51 1561.78 1559.96 1559.15 1558.26 1557.26 1556.08 1554.66 1553.98 1552.04 1550.77 1550.08 1547.95 1547.29 1545.16 1543.64 1542.51 1540.76 1539.37 1537.31 1535.49 1533.89 1532.63 1530.50 1528.43 1527.34 1525.22 1523.04 1520.93 1518.67 1516.23 1514.52 1512.78 1509.83 1507.54 1505.87 1503.07 1500.76 1498.90 1496.49 1493.69 1491.23 1488.08 1486.29 1482.81 1480.63 1477.59 1474.57 1471.80 1468.95 1466.30 1463.53 1460.60 1456.86 1454.09 1451.05 1447.65 1445.08 1441.25 1438.21 1434.99 1431.28 1428.21 1424.61 1421.66 1418.44 1414.58 1411.27 1407.32 1403.90 1400.97 1397.29 1393.17 1390.33 1385.82 1382.54 1378.72 1375.20 1371.59 1367.37 1363.39 1360.45 1355.63 1351.81 1348.14 1344.60 1339.96 1336.59 1332.06 1328.41 1324.76 1320.27 1316.57 1312.45 1308.21 1303.82 1299.28 1295.40 1291.32 1286.99 1282.43 1278.41 1274.14 1269.58 1265.53 1261.17 1256.48 1252.28 1247.73 1243.62 1239.11 1234.18 1229.63 1225.46 1220.84 1216.53 1211.76 1207.70 1202.73 1198.43 1193.59 1188.98 1184.59 1179.63 1175.28 1170.34 1165.59 1161.00 1156.57 1151.51 1146.99 1142.60 1137.53 1132.54 1127.63 1123.18 1118.77 1113.64 1108.55 1103.93 1099.33 1094.74 1089.40 1084.81 1079.88 1074.91 1069.85 1065.14 1060.37 1055.59 1050.00 1045.56 1040.33 1035.84 1030.53 1025.58 1020.54 1015.83 1011.01 1006.06 1000.98 996.24 991.38 986.38 981.63 975.95 970.85 966.00 961.01 955.84 950.97 945.99 940.90 936.11 931.21 926.08
-1505.64 145659 100.00 109.99 120.01 130.01 139.99 150.00 159.99 169.94 179.92 189.92 199.94 209.91 219.83 229.85 239.80 249.76 259.73 269.70 279.67 289.65 299.51 309.48 319.44 329.39 339.33 349.23 359.22 369.05 378.97 388.97 398.77 408.78 418.57 428.45 438.40 448.25 458.15 467.95 477.78 487.65 497.59 507.36 517.15 527.12 536.90 546.66 556.43 566.18 575.88 585.74 595.60 605.19 614.92 624.80 634.41 644.14 653.99 663.69 673.29 682.99 692.49 702.37 711.78 721.56 731.09 740.62 750.23 759.82 769.47 779.08 788.64 797.94 807.56 817.08 826.49 836.18 845.44 854.97 864.43 873.73 883.25 892.58 902.15 911.62 920.85 930.29 939.49 948.89 958.48 967.78 976.90 986.53 995.50 1004.96 1014.20 1023.56 1032.89 1041.97 1051.14 1060.75 1069.57 1078.82 1088.12 1097.48 1106.37 1115.81 1124.74 1134.06 1143.38 1152.33 1161.63 1170.74 1179.80 1188.79 1197.71 1206.93 1216.06 1225.08 1233.98 1243.14 1252.18 1261.09 1270.24 1279.23 1288.08 1297.15 1306.06 1315.18 1324.11 1332.82 1341.73 1350.83 1359.69 1368.72 1377.51 1386.67 1395.36 1404.39 1413.15 1422.02 1431.01 1439.70 1448.71 1457.41 1466.21 1475.10 1484.07 1492.70 1501.63 1510.62 1519.25 1527.92 1536.63 1545.59 1554.58 1563.17 1571.78 1580.65 1589.54 1598.43 1606.90 1615.79 1624.49 1633.17 1641.80 1650.62 1659.41 1668.20 1676.52 1685.50 1694.03 1702.98 1711.46 1720.15 1728.79 1737.62 1746.38 1755.07 1763.69 1772.49 1781.24 1789.90 1798.70 1806.97 1815.56 1824.32 1832.98 1841.55 1850.28 1858.95 1867.56 1876.34 1885.06 1893.64
-237.49 145700 1572.98 1572.93 1572.51 1572.70 1572.41 1571.55 1571.15 1570.18 1569.58 1569.30 1568.32 1567.56 1567.02 1566.68 1565.47 1564.24 1564.04 1562.82 1561.55 1561.30 1559.95 1558.44 1557.76 1555.90 1554.74 1554.27 1552.44 1551.20 1549.52 1548.35 1546.59 1545.38 1543.56 1542.07 1540.85 1538.91 1537.20 1535.64 1533.25 1532.06 1529.90 1527.70 1525.43 1524.16 1521.72 1519.08 1517.12 1514.87 1512.52 1510.73 1508.56 1505.97 1503.10 1500.62 1498.70 1496.14 1493.79 1490.69 1487.96 1485.36 1482.16 1479.92 1476.72 1473.71 1470.57 1467.53 1465.18 1461.91 1458.29 1455.48 1452.26 1448.93 1445.10 1441.94 1438.52 1435.39 1431.97 1428.79 1425.21 1421.21 1417.63 1414.11 1410.97 1406.99 1403.34 1399.13 1396.09 1392.10 1388.33 1384.74 1380.44 1376.76 1372.36 1368.87 1364.60 1360.37 1356.96 1352.33 1348.50 1344.58 1340.57 1336.45 1332.18 1327.74 1323.91 1319.03 1314.74 1310.99 1306.13 1301.75 1297.85 1293.56 1288.88 1284.56 1279.79 1275.35 1270.42 1265.75 1261.32 1256.74 1252.39 1247.45 1242.69 1238.11 1233.69 1228.63 1224.09 1219.62 1214.44 1209.32 1205.44 1199.64 1195.04 1190.45 1185.06 1180.80 1175.72 1170.58 1165.76 1160.84 1155.79 1151.04 1146.13 1141.06 1136.25 1131.25 1126.04 1121.05 1115.83 1110.36 1105.82 1100.26 1095.56 1090.55 1085.24 1080.05 1074.55 1069.86 1064.11 1059.23 1054.03 1048.92 1043.45 1038.76 1033.67 1028.21 1022.78 1017.66 1012.58 1007.13 1001.75 996.71 991.71 986.28 980.84 975.67 970.44 964.68 959.61 954.53 948.98 943.39 937.97 932.50 927.69 922.39 916.59 911.41 906.18 900.45 895.45 890.08 884.74 879.49
-1527.90 145700 100.00 110.00 119.99 130.00 140.00 149.97 159.96 169.93 179.91 189.91 199.87 209.84 219.83 229.83 239.76 249.69 259.72 269.65 279.57 289.60 299.51 309.40 319.39 329.24 339.17 349.19 359.04 368.96 378.82 388.76 398.61 408.54 418.37 428.26 438.20 448.01 457.86 467.75 477.47 487.42 497.19 506.95 516.69 526.64 536.35 546.01 555.81 565.56 575.28 585.13 594.89 604.56 614.15 623.83 633.66 643.33 653.06 662.57 672.19 681.85 691.33 701.10 710.58 720.12 729.61 739.14 748.89 758.34 767.67 777.28 786.75 796.18 805.43 814.92 824.31 833.82 843.22 852.70 862.04 871.22 880.55 889.91 899.43 908.61 917.92 927.00 936.56 945.73 954.99 964.33 973.37 982.67 991.66 1001.05 1010.10 1019.16 1028.59 1037.47 1046.72 1055.92 1065.08 1074.19 1083.23 1092.20 1101.45 1110.20 1119.23 1128.53 1137.29 1146.28 1155.50 1164.54 1173.38 1182.39 1191.19 1200.15 1208.86 1217.70 1226.67 1235.56 1244.57 1253.27 1262.07 1270.96 1279.93 1288.57 1297.48 1306.43 1315.00 1323.59 1332.87 1341.09 1349.98 1358.87 1367.31 1376.39 1385.00 1393.58 1402.35 1411.05 1419.69 1428.49 1437.20 1445.82 1454.59 1463.25 1471.79 1480.46 1488.98 1497.37 1506.31 1514.63 1523.47 1532.13 1540.60 1549.15 1557.51 1566.36 1574.57 1583.31 1591.85 1600.44 1608.82 1617.67 1626.29 1634.67 1643.07 1651.65 1660.27 1668.66 1677.09 1685.73 1694.40 1702.80 1711.19 1719.75 1728.27 1736.47 1745.09 1753.71 1762.03 1770.33 1778.74 1787.10 1795.89 1804.38 1812.54 1821.09 1829.62 1837.83 1846.50 1854.94 1863.39 1871.90
-225.21 145701 1573.13 1573.24 1573.04 1572.42 1572.27 1571.53 1571.21 1570.28 1569.71 1569.45 1568.48 1567.75 1567.23 1566.90 1565.70 1564.51 1563.33 1563.09 1561.81 1560.56 1560.18 1558.65 1557.92 1556.00 1554.79 1554.24 1552.31 1550.93 1550.05 1547.70 1546.87 1545.42 1543.33 1541.57 1540.06 1538.78 1536.70 1534.76 1533.09 1531.47 1529.82 1527.13 1525.31 1523.49 1521.48 1519.22 1516.66 1514.96 1511.94 1509.47 1507.54 1505.39 1502.71 1500.42 1497.72 1495.26 1492.06 1490.15 1487.35 1484.63 1481.30 1478.83 1475.65 1472.31 1469.97 1466.47 1463.86 1459.98 1456.86 1453.31 1450.47 1447.16 1443.64 1440.76 1437.24 1433.40 1429.76 1426.57 1422.96 1419.42 1415.39 1411.71 1408.34 1404.07 1400.93 1397.17 1393.26 1389.54 1385.12 1381.65 1377.44 1373.73 1369.24 1365.61 1361.15 1357.48 1353.73 1348.67 1345.52 1341.01 1336.32 1332.24 1327.94 1323.41 1319.42 1315.13 1310.55 1306.44 1301.98 1297.92 1293.44 1288.49 1284.26 1279.52 1275.05 1270.81 1266.01 1261.39 1256.16 1252.28 1246.58 1242.20 1237.93 1232.95 1228.00 1223.52 1218.31 1213.87 1208.65 1203.82 1198.96 1194.06 1189.08 1184.42 1179.66 1174.04 1169.47 1164.75 1159.11 1154.42 1149.51 1144.35 1139.38 1134.15 1129.06 1123.67 1119.17 1113.62 1108.48 1103.48 1098.12 1092.86 1087.25 1082.43 1077.22 1072.07 1066.50 1061.68 1056.45 1050.78 1045.82 1040.42 1035.00 1029.53 1024.26 1018.94 1013.17 1008.06 1002.93 997.32 992.37 986.95 981.48 976.20 970.86 965.69 960.39 954.51 949.21 943.77 938.42 932.91 927.94 922.38 916.67 911.06 905.33 900.14 894.37 889.19 883.87 878.67 873.27 867.21
-1535.55 145701 100.00 110.00 120.00 129.98 139.98 149.96 159.96 169.92 179.90 189.91 199.87 209.84 219.83 229.83 239.77 249.70 259.63 269.66 279.58 289.50 299.52 309.41 319.39 329.23 339.16 349.18 359.00 368.91 378.89 388.64 398.64 408.53 418.32 428.17 438.05 447.98 457.77 467.58 477.44 487.31 497.18 506.84 516.67 526.51 536.31 546.05 555.72 565.59 575.16 584.85 594.67 604.44 614.07 623.81 633.44 643.13 652.62 662.48 672.08 681.70 691.14 700.84 710.33 719.76 729.51 738.89 748.56 757.80 767.30 776.66 786.26 795.69 805.05 814.65 824.01 833.25 842.56 852.05 861.37 870.73 879.89 889.19 898.61 907.67 917.19 926.46 935.66 944.94 953.93 963.32 972.40 981.69 990.64 999.97 1008.93 1018.24 1027.52 1036.21 1045.76 1054.70 1063.54 1072.67 1081.70 1090.62 1099.79 1108.83 1117.72 1126.85 1135.79 1144.94 1153.88 1162.58 1171.65 1180.46 1189.41 1198.48 1207.25 1216.12 1224.67 1233.93 1242.22 1251.22 1260.28 1268.95 1277.64 1286.59 1295.13 1304.11 1312.65 1321.40 1330.14 1338.86 1347.53 1356.39 1365.18 1373.49 1382.39 1391.22 1399.50 1408.35 1417.06 1425.63 1434.31 1442.83 1451.44 1459.87 1468.83 1477.16 1485.74 1494.40 1502.85 1511.35 1519.64 1528.41 1536.95 1545.52 1553.84 1562.61 1571.14 1579.39 1588.08 1596.50 1604.90 1613.27 1621.77 1630.24 1638.42 1647.03 1655.61 1663.90 1672.60 1681.00 1689.37 1697.87 1706.32 1714.89 1723.37 1731.47 1739.95 1748.34 1756.80 1765.14 1773.84 1782.15 1790.37 1798.65 1806.85 1815.40 1823.58 1832.13 1840.61 1849.15 1857.57 1865.55
-209.63 145702 1573.15 1573.30 1573.18 1572.65 1572.59 1571.96 1571.78 1571.01 1570.60 1569.45 1568.56 1567.87 1567.33 1566.93 1565.66 1564.38 1564.10 1562.80 1561.51 1561.15 1559.65 1558.93 1557.01 1555.82 1554.33 1553.48 1552.23 1550.53 1549.34 1547.64 1546.45 1544.60 1543.07 1541.83 1539.81 1537.96 1536.30 1534.93 1532.67 1530.41 1529.06 1526.63 1524.29 1522.68 1520.80 1517.68 1516.35 1513.69 1511.57 1508.99 1506.16 1503.76 1501.69 1499.23 1496.08 1494.03 1491.42 1487.95 1485.68 1482.49 1479.23 1477.07 1473.85 1470.70 1467.28 1464.72 1461.78 1458.75 1455.26 1451.57 1448.21 1444.60 1441.61 1437.99 1434.86 1431.01 1427.60 1423.71 1419.85 1416.30 1413.02 1409.13 1405.12 1401.30 1397.66 1393.31 1389.94 1385.46 1381.85 1377.43 1373.86 1369.41 1365.79 1360.89 1357.10 1352.80 1348.32 1344.47 1340.39 1336.06 1331.43 1327.31 1322.88 1318.97 1313.88 1309.99 1305.69 1300.96 1296.59 1291.72 1287.51 1282.32 1277.76 1273.40 1268.39 1263.52 1259.17 1254.91 1249.92 1244.97 1240.02 1235.51 1230.22 1225.67 1220.32 1216.12 1211.11 1205.98 1201.16 1196.15 1190.97 1186.03 1180.90 1175.53 1171.11 1165.71 1160.05 1155.28 1150.23 1145.29 1140.01 1134.82 1129.27 1124.54 1119.45 1113.96 1108.51 1103.81 1098.65 1093.04 1087.37 1082.38 1076.88 1072.05 1065.99 1060.59 1055.83 1050.52 1044.68 1039.42 1034.07 1028.14 1022.80 1018.00 1012.60 1006.58 1001.11 995.51 990.43 984.75 979.63 973.87 968.63 963.20 957.09 951.47 946.30 940.45 935.06 930.15 923.84 918.65 913.17 906.94 902.25 896.14 891.14 885.41 879.45 873.94 868.39 862.59 857.31 851.63
-1545.49 145702 100.00 110.00 120.00 129.99 139.99 149.98 159.98 169.95 179.95 189.89 199.85 209.83 219.82 229.82 239.75 249.67 259.69 269.61 279.53 289.55 299.44 309.43 319.27 329.20 339.09 349.06 358.98 368.84 378.78 388.63 398.57 408.40 418.28 428.21 438.01 447.84 457.70 467.62 477.37 487.11 497.04 506.75 516.48 526.36 536.19 545.73 555.69 565.34 575.11 584.78 594.38 604.08 613.88 623.57 633.08 642.89 652.54 661.95 671.70 681.18 690.65 700.45 709.91 719.41 728.81 738.50 748.06 757.59 766.97 776.27 785.69 795.01 804.57 813.89 823.40 832.63 842.04 851.25 860.48 869.83 879.29 888.50 897.67 906.91 916.22 925.25 934.68 943.63 952.97 961.95 971.30 980.27 989.61 998.37 1007.63 1016.66 1025.60 1034.84 1043.97 1052.99 1061.86 1070.97 1079.94 1089.16 1097.80 1107.03 1116.06 1124.88 1133.87 1142.61 1151.69 1160.27 1169.17 1178.17 1186.83 1195.57 1204.59 1213.65 1222.32 1231.01 1239.70 1248.63 1257.14 1266.05 1274.51 1283.62 1292.27 1300.87 1309.62 1318.28 1326.84 1335.53 1344.11 1352.56 1361.56 1369.99 1378.25 1387.06 1395.69 1404.38 1412.88 1421.42 1429.76 1438.58 1447.19 1455.56 1463.94 1472.80 1481.36 1489.64 1497.89 1506.57 1514.93 1523.70 1531.70 1540.12 1548.94 1557.42 1565.55 1574.06 1582.50 1590.58 1599.03 1607.84 1616.26 1624.27 1632.65 1640.93 1649.55 1657.79 1666.39 1674.57 1683.09 1691.49 1699.44 1707.71 1716.28 1724.40 1732.83 1741.57 1749.38 1757.94 1766.31 1774.17 1783.07 1791.00 1799.69 1807.90 1815.94 1824.28 1832.60 1840.75 1849.25 1857.49
-184.62 145702 1573.13 1573.23 1572.93 1572.20 1571.94 1572.09 1571.66 1570.61 1569.91 1569.49 1568.33 1567.36 1566.54 1565.84 1565.18 1564.47 1563.75 1561.95 1561.13 1560.17 1559.02 1557.65 1557.02 1555.08 1553.76 1553.02 1550.90 1550.26 1548.08 1546.45 1545.14 1544.11 1542.37 1539.82 1538.37 1536.08 1535.02 1533.01 1530.99 1528.91 1526.68 1524.50 1523.04 1520.32 1518.21 1515.91 1514.10 1510.88 1509.06 1505.99 1504.25 1500.93 1499.07 1496.50 1493.17 1491.07 1488.02 1485.19 1482.25 1479.19 1476.24 1473.06 1469.91 1466.45 1463.80 1459.82 1457.44 1453.93 1450.75 1447.25 1443.10 1439.45 1436.29 1432.37 1428.82 1425.62 1421.53 1417.67 1414.05 1410.64 1406.19 1402.69 1398.44 1395.07 1390.91 1386.79 1382.27 1378.85 1374.12 1370.11 1365.97 1361.67 1357.99 1353.26 1349.11 1344.70 1340.79 1336.52 1331.87 1327.61 1322.95 1318.65 1313.89 1309.41 1304.38 1299.99 1295.85 1290.68 1286.10 1281.65 1276.56 1271.52 1266.96 1262.39 1257.77 1252.34 1248.01 1242.81 1237.49 1233.22 1228.05 1222.71 1217.64 1212.36 1208.04 1202.73 1197.17 1192.48 1187.47 1182.15 1176.93 1171.39 1166.63 1161.49 1156.41 1150.90 1145.42 1140.25 1135.05 1129.36 1124.33 1118.77 1113.82 1108.31 1102.66 1097.57 1091.89 1086.77 1081.03 1075.83 1070.44 1064.40 1058.81 1053.69 1047.88 1042.53 1036.95 1031.79 1025.92 1020.49 1014.33 1009.03 1003.64 997.93 992.08 986.59 980.78 975.32 969.11 964.40 958.22 952.41 946.94 941.32 935.33 929.64 924.22 918.62 912.63 906.93 901.48 895.63 889.53 883.65 877.99 872.58 866.74 861.11 855.26 849.66 843.67 837.99 832.65 826.62
-1555.64 145702 100.00 110.00 120.00 129.97 139.97 149.99 159.99 169.94 179.92 189.91 199.85 209.81 219.77 229.75 239.73 249.71 259.69 269.55 279.52 289.48 299.41 309.32 319.32 329.15 339.06 349.06 358.85 368.87 378.65 388.52 398.44 408.40 418.25 427.95 437.85 447.60 457.58 467.37 477.17 486.95 496.70 506.46 516.38 526.01 535.79 545.52 555.37 564.88 574.73 584.27 594.15 603.62 613.47 623.13 632.59 642.39 651.91 661.50 671.06 680.58 690.14 699.62 709.11 718.50 728.16 737.36 747.13 756.49 765.97 775.34 784.47 793.78 803.28 812.48 821.83 831.32 840.45 849.68 859.00 868.42 877.39 886.77 895.83 905.27 914.36 923.48 932.41 941.83 950.67 959.83 968.93 977.97 987.28 996.11 1005.21 1014.18 1023.40 1032.45 1041.30 1050.35 1059.20 1068.23 1077.03 1085.97 1094.62 1103.61 1112.74 1121.31 1130.20 1139.17 1147.78 1156.43 1165.33 1174.23 1183.10 1191.52 1200.56 1209.11 1217.59 1226.66 1235.22 1243.69 1252.31 1260.81 1269.87 1278.35 1286.67 1295.52 1304.18 1312.64 1321.18 1329.51 1338.32 1346.90 1355.51 1363.86 1372.23 1380.79 1389.34 1397.57 1406.22 1414.54 1423.25 1431.59 1439.84 1448.46 1456.70 1465.29 1473.49 1482.04 1490.46 1498.45 1506.75 1515.35 1523.50 1531.95 1540.25 1548.83 1556.93 1565.33 1573.24 1581.73 1590.15 1598.36 1606.47 1614.83 1622.98 1631.36 1639.23 1648.12 1656.01 1664.15 1672.53 1680.80 1688.81 1697.03 1705.45 1713.74 1721.75 1729.96 1738.36 1746.47 1754.40 1762.49 1770.74 1779.16 1787.28 1795.54 1803.65 1811.94 1819.96 1828.19 1836.65 1844.64
-151.18 145703 1573.10 1573.13 1572.86 1572.17 1571.97 1572.13 1570.70 1570.63 1569.87 1569.37 1568.09 1567.94 1566.94 1566.03 1565.16 1564.20 1563.16 1561.99 1560.78 1559.42 1558.81 1556.93 1555.73 1555.18 1553.23 1551.80 1550.84 1549.34 1547.25 1545.64 1544.25 1543.04 1541.05 1539.20 1537.38 1535.79 1533.24 1531.60 1528.89 1527.00 1525.10 1522.95 1520.50 1518.60 1516.51 1513.93 1511.73 1508.94 1506.69 1503.76 1501.29 1498.09 1495.96 1493.25 1490.56 1486.84 1484.21 1481.44 1478.70 1474.78 1471.73 1469.19 1465.62 1462.49 1459.11 1455.45 1452.03 1449.13 1444.60 1441.37 1437.65 1434.27 1429.98 1426.78 1422.93 1419.24 1415.31 1411.48 1407.70 1403.10 1399.34 1395.52 1391.24 1386.85 1382.32 1378.43 1374.31 1369.97 1365.33 1361.20 1356.74 1352.71 1348.30 1343.48 1339.01 1334.86 1330.21 1325.01 1321.23 1316.08 1311.88 1307.05 1302.37 1296.99 1292.85 1287.95 1283.04 1278.09 1273.50 1268.04 1263.63 1258.32 1253.57 1248.57 1243.75 1237.91 1232.94 1227.64 1223.16 1217.55 1212.29 1207.09 1201.45 1196.52 1191.13 1185.72 1180.97 1174.99 1169.59 1164.31 1158.90 1153.60 1148.14 1142.52 1136.97 1131.93 1126.21 1120.29 1114.79 1109.73 1103.91 1098.47 1092.73 1086.90 1081.43 1075.63 1070.15 1064.53 1058.53 1052.79 1047.29 1042.01 1035.81 1029.84 1024.09 1018.53 1012.51 1006.68 1001.01 995.50 989.01 983.81 977.61 971.54 965.59 959.75 954.07 948.50 941.91 936.55 930.17 924.99 918.77 912.61 906.51 900.47 895.60 888.97 883.04 877.16 871.31 865.42 859.48 853.51 847.51 841.51 835.47 829.39 823.32 817.26 811.22 805.19 799.18 793.18
-1572.03 145703 100.00 110.00 120.00 129.98 139.98 150.00 159.93 169.95 179.92 189.91 199.84 209.86 219.81 229.77 239.73 249.69 259.63 269.56 279.49 289.40 299.40 309.24 319.17 329.18 339.01 348.91 358.87 368.76 378.56 388.42 398.33 408.27 418.07 427.90 437.73 447.61 457.30 467.17 476.82 486.64 496.47 506.23 515.93 525.75 535.54 545.20 554.96 564.57 574.31 583.88 593.57 603.06 612.85 622.48 632.11 641.43 651.09 660.70 670.32 679.56 689.08 698.78 708.13 717.63 727.04 736.35 745.75 755.34 764.31 773.79 783.07 792.49 801.54 811.04 820.26 829.56 838.76 847.99 857.25 866.16 875.43 884.67 893.72 902.70 911.62 920.84 929.96 938.97 947.83 956.94 965.89 975.05 984.03 992.80 1001.75 1010.86 1019.71 1028.27 1037.58 1046.17 1055.26 1064.02 1072.86 1081.32 1090.45 1099.17 1107.88 1116.57 1125.46 1133.86 1142.86 1151.34 1160.15 1168.81 1177.58 1185.74 1194.42 1202.90 1211.87 1220.17 1228.67 1237.21 1245.49 1254.20 1262.62 1271.03 1279.86 1287.90 1296.32 1304.81 1313.22 1321.70 1330.08 1338.36 1346.68 1355.33 1363.54 1371.61 1379.96 1388.61 1396.75 1405.14 1413.33 1421.46 1429.83 1437.98 1446.35 1454.62 1462.62 1470.82 1479.17 1487.69 1495.55 1503.57 1511.75 1520.07 1528.06 1536.19 1544.43 1552.78 1560.43 1569.01 1576.87 1584.82 1592.85 1600.98 1609.21 1617.52 1625.09 1633.56 1641.28 1649.89 1657.72 1665.60 1673.53 1681.51 1690.34 1697.88 1705.93 1714.02 1722.13 1730.21 1738.26 1746.28 1754.28 1762.28 1770.25 1778.19 1786.14 1794.09 1802.06 1810.04 1818.03 1826.03
-111.70 145704 1573.24 1573.43 1573.29 1572.68 1572.55 1571.82 1571.47 1570.43 1569.69 1569.15 1568.82 1567.66 1566.56 1565.49 1564.41 1564.17 1562.83 1561.43 1560.78 1558.92 1557.77 1557.30 1555.49 1554.20 1552.41 1551.06 1550.13 1547.57 1546.39 1544.47 1542.74 1541.15 1539.62 1537.18 1535.88 1533.58 1531.17 1529.50 1527.61 1525.66 1523.37 1520.68 1518.72 1516.27 1513.25 1510.52 1508.31 1505.38 1502.87 1500.54 1497.38 1494.53 1491.68 1489.04 1486.22 1483.17 1480.11 1476.64 1473.96 1469.94 1466.62 1463.96 1459.85 1457.19 1452.94 1450.03 1446.62 1442.32 1438.26 1435.29 1431.62 1426.91 1423.12 1419.39 1415.64 1411.03 1407.15 1403.15 1398.65 1395.18 1390.31 1386.01 1381.41 1377.71 1373.26 1368.39 1364.30 1359.34 1355.07 1351.07 1346.54 1341.43 1336.51 1331.75 1327.51 1322.61 1317.76 1312.91 1308.03 1303.50 1298.14 1293.42 1288.97 1283.62 1278.07 1273.43 1268.53 1263.34 1258.25 1252.81 1247.44 1242.35 1237.27 1231.71 1226.78 1221.29 1215.70 1210.66 1205.01 1199.89 1194.10 1188.12 1182.60 1177.51 1171.67 1166.20 1159.99 1155.30 1149.14 1143.95 1137.90 1132.13 1126.62 1120.67 1114.93 1109.37 1103.51 1097.18 1091.69 1085.66 1079.75 1073.92 1068.16 1062.48 1056.84 1050.11 1044.54 1038.37 1032.87 1026.25 1020.76 1014.12 1008.53 1002.84 995.95 990.08 984.10 977.99 971.76 965.40 960.03 953.42 947.75 940.80 934.73 929.10 922.66 916.63 910.41 904.00 897.92 891.67 885.85 879.19 872.91 866.86 860.56 854.59 848.32 841.78 836.06 828.96 822.63 816.58 810.21 804.02 797.54 791.37 784.89 778.62 772.69 766.45 759.83 753.70
-1589.60 145704 100.00 110.00 120.00 129.98 139.99 149.97 159.96 169.92 179.89 189.88 199.88 209.82 219.76 229.70 239.64 249.68 259.59 269.49 279.49 289.33 299.27 309.29 319.14 329.05 338.90 348.81 358.78 368.50 378.44 388.25 398.10 407.98 417.87 427.58 437.51 447.25 456.96 466.83 476.66 486.47 496.20 505.84 515.66 525.35 534.90 544.52 554.28 563.85 573.53 583.26 592.76 602.35 611.93 621.58 631.17 640.70 650.22 659.60 669.25 678.44 687.87 697.54 706.69 716.37 725.45 735.05 744.45 753.50 762.65 772.24 781.54 790.40 799.66 808.94 818.22 827.11 836.33 845.49 854.43 863.85 872.61 881.64 890.52 899.84 908.80 917.54 926.68 935.38 944.42 953.61 962.53 971.14 979.85 988.64 997.72 1006.44 1015.18 1023.93 1032.65 1041.58 1050.03 1058.86 1067.84 1076.29 1084.63 1093.50 1102.22 1110.77 1119.38 1127.78 1136.21 1144.82 1153.44 1161.76 1170.47 1178.83 1187.12 1195.78 1204.03 1212.63 1220.79 1228.82 1237.16 1245.79 1253.91 1262.28 1270.16 1279.06 1286.96 1295.53 1303.51 1311.67 1320.02 1328.06 1336.25 1344.57 1352.67 1360.44 1368.80 1376.79 1384.85 1392.98 1401.16 1409.39 1417.66 1425.12 1433.44 1441.31 1449.68 1457.22 1465.60 1473.12 1481.43 1489.67 1496.99 1505.08 1513.10 1521.02 1528.84 1536.57 1545.05 1552.58 1560.84 1568.10 1576.05 1584.34 1592.00 1599.98 1607.81 1615.50 1623.43 1631.24 1639.39 1646.86 1654.65 1662.62 1670.38 1678.41 1686.20 1693.78 1702.01 1709.13 1716.87 1724.84 1732.55 1740.41 1748.03 1755.89 1763.52 1771.31 1779.37 1787.19 1794.69 1802.60
-79.49 145704 1572.95 1572.83 1572.39 1572.50 1572.07 1572.01 1571.32 1569.95 1569.85 1568.98 1568.28 1567.74 1566.22 1565.69 1564.15 1563.43 1562.56 1561.61 1560.41 1558.95 1557.17 1555.96 1554.34 1553.21 1551.53 1550.21 1548.23 1546.69 1545.36 1543.23 1542.18 1540.23 1538.27 1536.47 1534.59 1531.65 1529.50 1528.28 1525.79 1523.90 1520.66 1519.08 1516.02 1514.19 1510.75 1508.68 1505.89 1503.45 1500.13 1497.74 1494.70 1491.60 1488.63 1485.42 1483.09 1479.54 1476.82 1473.60 1470.16 1466.15 1462.76 1459.91 1456.36 1452.34 1448.70 1445.00 1441.53 1437.37 1434.17 1429.80 1425.45 1421.93 1417.53 1413.89 1409.26 1405.23 1400.99 1396.43 1392.36 1387.56 1383.54 1379.09 1374.21 1369.62 1365.28 1360.38 1355.65 1351.50 1346.28 1342.28 1337.54 1332.05 1327.71 1322.55 1317.28 1313.04 1307.44 1302.82 1297.20 1292.50 1287.48 1282.57 1277.31 1271.67 1266.78 1261.42 1256.05 1250.60 1245.35 1239.96 1234.64 1229.14 1223.43 1217.67 1212.33 1206.68 1201.39 1195.28 1189.45 1183.90 1178.63 1172.49 1166.57 1160.84 1155.30 1149.93 1143.58 1137.81 1131.63 1125.98 1119.91 1113.89 1107.83 1102.24 1096.15 1090.01 1083.82 1078.07 1071.73 1065.77 1059.71 1053.53 1047.82 1041.30 1035.18 1028.84 1022.28 1016.57 1010.63 1004.42 997.95 991.21 985.25 978.98 972.39 966.02 959.79 953.78 947.43 940.70 934.69 928.29 921.52 915.41 908.86 902.46 896.11 889.33 883.18 876.60 870.16 863.30 857.07 850.37 844.27 837.69 831.66 825.10 818.59 811.57 805.08 799.10 792.54 785.41 778.80 772.69 766.01 759.33 752.61 745.94 739.85 733.21 726.19 720.49
-1605.52 145704 100.00 110.00 119.99 130.00 139.99 150.00 159.98 169.91 179.93 189.89 199.87 209.86 219.76 229.76 239.65 249.63 259.59 269.55 279.48 289.38 299.23 309.15 319.03 328.97 338.83 348.74 358.55 368.43 378.35 388.13 398.10 407.91 417.72 427.56 437.38 446.98 456.75 466.72 476.41 486.24 495.74 505.65 515.19 525.05 534.48 544.28 553.88 563.58 573.03 582.75 592.28 601.79 611.34 620.81 630.57 639.93 649.57 659.03 668.43 677.61 687.02 696.63 705.97 715.14 724.46 733.74 743.13 752.23 761.74 770.74 779.75 789.13 798.12 807.45 816.33 825.48 834.53 843.44 852.58 861.36 870.53 879.49 888.22 897.11 906.12 914.84 923.66 932.78 941.32 950.53 959.34 967.72 976.75 985.32 993.83 1002.93 1011.24 1020.12 1028.42 1037.26 1045.91 1054.62 1063.13 1071.41 1080.13 1088.58 1097.01 1105.40 1113.91 1122.33 1130.80 1139.16 1147.37 1155.55 1164.00 1172.26 1180.75 1188.68 1196.81 1205.13 1213.66 1221.56 1229.62 1237.82 1246.14 1254.60 1262.35 1270.52 1278.39 1286.64 1294.60 1302.58 1310.54 1318.85 1326.77 1334.67 1342.53 1350.71 1358.45 1366.49 1374.44 1382.30 1390.53 1398.13 1406.04 1413.78 1421.33 1429.57 1437.62 1445.46 1453.09 1460.50 1468.55 1476.34 1483.86 1491.57 1499.39 1507.40 1515.12 1522.54 1530.54 1538.23 1545.60 1553.53 1561.09 1568.77 1576.50 1583.86 1591.76 1599.29 1606.94 1614.23 1622.06 1629.49 1637.43 1644.96 1652.96 1660.51 1668.10 1675.25 1682.86 1690.91 1698.46 1705.52 1713.02 1720.95 1728.40 1735.84 1743.25 1750.71 1758.66 1766.13 1773.29 1781.52
-33.92 145705 1573.07 1573.12 1572.77 1572.93 1572.51 1571.40 1570.62 1570.12 1569.86 1568.77 1567.82 1566.95 1566.10 1565.17 1564.11 1562.87 1561.54 1560.96 1559.08 1557.87 1556.30 1555.28 1553.74 1552.61 1550.86 1549.42 1547.39 1545.51 1543.75 1542.06 1540.35 1538.58 1535.93 1534.05 1531.96 1529.61 1528.10 1525.28 1523.00 1520.23 1518.09 1515.35 1512.90 1510.85 1507.98 1505.14 1502.57 1499.02 1496.55 1493.00 1490.45 1487.65 1484.85 1480.78 1477.44 1474.46 1471.15 1467.19 1463.71 1460.66 1456.79 1453.22 1449.94 1445.65 1441.50 1437.43 1434.19 1430.08 1425.85 1421.46 1417.70 1413.32 1408.64 1404.82 1400.23 1395.62 1391.38 1386.63 1382.09 1377.73 1372.75 1367.89 1363.54 1358.48 1353.43 1348.34 1344.35 1339.48 1334.44 1329.20 1324.12 1318.76 1313.54 1308.75 1302.89 1297.79 1293.40 1287.81 1282.42 1276.90 1271.97 1266.40 1260.66 1255.43 1249.49 1243.98 1238.85 1232.94 1227.36 1221.38 1215.66 1210.18 1204.41 1198.11 1192.58 1186.48 1180.44 1175.08 1169.06 1163.00 1156.90 1150.76 1144.56 1138.89 1132.46 1126.50 1120.39 1114.12 1108.13 1101.90 1095.40 1089.25 1082.82 1077.18 1070.14 1063.82 1058.24 1051.18 1044.83 1038.65 1032.53 1025.95 1019.51 1012.60 1006.28 999.95 993.67 986.86 980.58 973.74 967.38 960.41 953.90 947.33 940.63 933.85 927.48 920.48 913.88 907.67 900.77 893.75 887.07 880.71 873.64 866.87 860.44 853.30 847.03 840.05 833.38 826.47 819.38 812.57 806.03 799.26 792.72 785.87 778.76 771.91 765.29 758.37 751.64 744.56 737.68 731.00 724.05 717.31 710.29 703.45 696.27 689.79 682.41 675.92
-1618.76 145705 100.00 110.00 119.99 130.01 140.00 149.95 159.92 169.91 179.92 189.87 199.82 209.78 219.75 229.71 239.65 249.57 259.48 269.49 279.33 289.26 299.14 309.09 318.97 328.92 338.76 348.66 358.46 368.28 378.12 387.98 397.84 407.68 417.34 427.17 436.95 446.67 456.58 466.19 475.93 485.54 495.32 504.94 514.63 524.44 534.02 543.61 553.28 562.65 572.35 581.72 591.40 601.01 610.61 619.79 629.22 638.77 648.21 657.41 666.78 676.33 685.55 694.89 704.35 713.40 722.50 731.63 741.13 750.25 759.31 768.30 777.58 786.57 795.41 804.68 813.56 822.44 831.50 840.30 849.21 858.22 866.89 875.63 884.65 893.28 901.92 910.53 919.76 928.49 937.13 945.65 954.26 962.71 971.24 980.03 988.17 996.77 1005.82 1014.12 1022.54 1030.88 1039.59 1047.90 1056.10 1064.63 1072.69 1081.03 1089.64 1097.71 1106.01 1114.03 1122.24 1130.60 1138.77 1146.56 1154.90 1162.83 1170.80 1179.27 1187.26 1195.21 1203.14 1211.03 1218.88 1227.13 1234.80 1242.84 1250.76 1258.55 1266.56 1274.38 1281.99 1289.87 1297.53 1305.83 1312.99 1320.75 1329.10 1336.24 1343.97 1351.84 1359.76 1367.29 1374.94 1382.19 1389.95 1397.69 1405.47 1412.81 1420.60 1427.90 1435.62 1442.81 1450.40 1457.94 1465.37 1472.72 1480.44 1487.59 1495.11 1502.97 1510.22 1517.35 1524.79 1532.53 1539.61 1546.97 1554.63 1561.66 1569.48 1576.64 1584.09 1591.33 1598.39 1605.72 1613.29 1620.65 1628.23 1635.51 1642.55 1649.84 1657.34 1664.56 1671.95 1679.03 1686.28 1693.73 1700.92 1708.31 1715.43 1722.73 1729.70 1737.34 1744.11 1751.76
17.29 145706 1573.10 1573.14 1572.83 1573.06 1571.67 1571.57 1570.76 1570.18 1569.79 1568.52 1567.30 1567.11 1565.87 1564.51 1563.97 1562.16 1561.17 1559.85 1559.12 1556.99 1555.36 1554.18 1552.39 1550.89 1549.81 1547.96 1546.25 1544.58 1541.96 1540.22 1538.54 1536.65 1534.52 1532.09 1529.31 1527.30 1524.82 1522.77 1520.40 1517.43 1514.66 1512.33 1509.16 1507.18 1504.25 1501.16 1498.15 1494.88 1491.61 1488.85 1485.12 1481.84 1479.25 1475.18 1471.66 1468.61 1464.77 1461.28 1457.20 1454.19 1450.10 1446.10 1442.16 1438.22 1434.17 1429.60 1426.00 1420.95 1416.77 1413.00 1407.60 1403.71 1399.27 1394.22 1389.28 1384.40 1379.97 1375.55 1370.30 1365.70 1360.21 1355.74 1350.31 1345.78 1340.20 1335.41 1330.24 1324.64 1319.73 1314.31 1308.82 1303.94 1298.46 1292.35 1287.18 1281.31 1275.84 1270.73 1264.79 1259.14 1253.77 1247.50 1241.90 1236.00 1230.22 1224.52 1218.23 1212.63 1206.37 1200.70 1194.31 1188.45 1182.41 1176.18 1169.71 1164.10 1157.12 1150.96 1144.45 1138.69 1132.57 1126.04 1119.09 1112.76 1106.53 1099.83 1093.69 1087.00 1080.82 1074.09 1067.33 1060.46 1054.01 1047.48 1040.81 1034.02 1027.56 1020.40 1013.58 1007.06 1000.32 993.87 986.64 980.17 973.43 966.37 959.53 952.36 945.89 939.01 931.76 924.62 917.59 910.63 903.73 896.88 890.08 882.83 875.65 868.98 861.84 854.74 847.64 840.54 833.89 826.18 819.43 812.63 805.29 798.41 790.99 784.04 776.55 769.97 762.34 755.58 748.22 741.21 733.60 726.87 719.08 712.14 704.99 697.64 690.57 683.30 675.84 669.10 661.21 654.12 646.86 639.42 632.20 624.71
-1631.38 145706 100.00 110.00 119.99 130.01 139.95 149.97 159.93 169.92 179.92 189.85 199.78 209.80 219.73 229.64 239.64 249.50 259.45 269.36 279.36 289.16 299.03 308.96 318.80 328.69 338.65 348.48 358.33 368.19 377.87 387.72 397.58 407.41 417.18 426.88 436.50 446.30 455.99 465.78 475.50 485.06 494.67 504.40 513.89 523.73 533.29 542.81 552.34 561.79 571.24 580.87 590.16 599.61 609.30 618.46 627.82 637.36 646.59 655.97 665.10 674.68 683.81 692.97 702.16 711.35 720.50 729.40 738.76 747.43 756.52 765.81 774.29 783.53 792.49 801.13 809.83 818.56 827.54 836.52 845.04 853.93 862.31 871.27 879.68 888.62 896.94 905.73 914.28 922.58 931.30 939.71 948.07 956.82 965.18 973.13 981.70 989.81 998.18 1006.80 1014.85 1023.10 1031.55 1039.36 1047.65 1055.72 1063.89 1072.10 1079.90 1088.19 1096.00 1104.25 1111.95 1120.05 1128.03 1135.85 1143.48 1151.80 1159.02 1166.90 1174.49 1182.70 1190.62 1198.19 1205.41 1213.16 1220.99 1228.41 1236.32 1243.76 1251.64 1259.04 1266.40 1273.68 1281.33 1288.90 1296.35 1303.69 1311.34 1318.34 1325.65 1333.24 1340.63 1348.29 1355.22 1362.86 1370.25 1377.34 1384.63 1391.61 1399.26 1406.52 1413.42 1420.43 1427.54 1434.72 1441.96 1449.25 1456.59 1463.49 1470.45 1477.91 1484.92 1491.96 1499.00 1506.04 1513.54 1519.97 1527.36 1534.71 1541.51 1548.77 1555.49 1562.68 1569.33 1576.90 1583.40 1590.79 1597.57 1604.71 1611.21 1618.64 1624.98 1632.18 1639.18 1645.96 1653.03 1659.90 1666.56 1674.00 1680.20 1687.26 1694.14 1700.83 1707.75 1714.38
35.77 145706 1572.70 1572.31 1572.52 1572.22 1571.32 1570.74 1570.45 1569.40 1568.50 1567.72 1567.03 1566.35 1565.59 1563.68 1562.70 1562.44 1560.89 1558.96 1557.59 1556.73 1555.38 1553.47 1551.90 1550.60 1548.57 1546.84 1545.21 1543.60 1541.01 1539.26 1537.53 1535.59 1533.36 1530.82 1529.07 1525.94 1523.23 1521.16 1518.47 1516.02 1513.99 1511.14 1508.30 1505.69 1502.08 1499.47 1496.60 1493.40 1490.11 1486.69 1483.69 1480.43 1476.57 1473.22 1469.46 1465.75 1462.34 1458.29 1455.28 1451.18 1447.16 1443.17 1439.13 1435.03 1430.35 1426.63 1422.21 1417.43 1413.39 1408.86 1404.60 1399.77 1395.12 1390.57 1385.25 1381.11 1376.14 1371.08 1365.83 1360.81 1355.51 1351.09 1345.60 1340.46 1335.33 1329.72 1324.79 1319.34 1313.79 1308.80 1303.19 1297.37 1291.99 1286.59 1280.86 1275.49 1269.25 1264.37 1257.89 1252.25 1246.76 1240.72 1234.73 1228.76 1222.81 1216.82 1210.74 1204.53 1198.79 1192.27 1186.19 1179.86 1173.75 1167.92 1161.12 1154.57 1148.71 1142.42 1135.68 1129.06 1122.43 1115.88 1109.87 1103.28 1096.10 1089.93 1083.62 1076.66 1070.07 1063.34 1056.41 1049.79 1042.97 1036.41 1029.07 1022.51 1015.66 1009.02 1002.06 995.27 988.63 981.07 974.62 967.23 960.41 953.68 946.49 939.86 932.28 925.73 918.17 911.07 903.92 896.71 889.92 882.53 875.53 868.41 861.20 853.87 846.89 839.29 832.53 825.12 818.04 810.78 803.81 796.65 789.29 781.76 774.53 767.12 760.05 752.80 745.83 738.19 730.79 723.60 716.16 708.99 701.60 694.39 686.82 679.84 672.54 664.92 657.40 650.05 642.38 634.92 627.73 620.86 613.01 606.23
-1640.49 145706 100.00 109.99 120.01 130.00 139.97 149.95 159.95 169.90 179.86 189.83 199.81 209.79 219.77 229.62 239.57 249.61 259.49 269.32 279.23 289.21 299.12 308.94 318.82 328.74 338.53 348.38 358.25 368.13 377.81 387.66 397.51 407.32 417.07 426.75 436.61 446.14 455.77 465.56 475.19 484.89 494.71 504.29 513.88 523.54 532.89 542.55 552.13 561.61 571.05 580.45 589.99 599.45 608.68 618.11 627.38 636.66 646.07 655.21 664.79 673.92 683.08 692.24 701.39 710.51 719.37 728.67 737.64 746.43 755.59 764.51 773.56 782.32 791.17 800.08 808.57 817.70 826.38 835.01 843.53 852.17 860.66 869.67 878.03 886.61 895.19 903.48 912.19 920.58 928.90 937.58 945.86 954.00 962.43 970.85 979.05 987.49 995.33 1004.12 1011.79 1020.05 1028.42 1036.39 1044.40 1052.42 1060.46 1068.47 1076.40 1084.24 1092.45 1100.04 1107.98 1115.73 1123.64 1131.79 1139.15 1146.71 1154.84 1162.61 1170.01 1177.51 1185.00 1192.56 1200.58 1208.10 1215.11 1223.00 1230.77 1237.96 1245.48 1252.88 1260.10 1267.59 1274.90 1282.46 1289.29 1296.85 1304.13 1311.61 1318.80 1326.14 1333.62 1340.23 1347.90 1354.66 1361.98 1369.38 1376.34 1383.85 1390.41 1398.00 1404.58 1411.63 1418.62 1425.55 1432.91 1439.66 1446.79 1453.82 1460.75 1467.55 1474.73 1481.25 1488.65 1495.36 1502.43 1509.31 1516.49 1523.47 1530.25 1536.84 1543.74 1550.47 1557.54 1564.43 1571.61 1578.09 1584.82 1591.76 1598.45 1605.42 1612.16 1619.09 1625.64 1632.82 1639.66 1646.14 1652.74 1659.51 1665.95 1672.61 1679.57 1686.85 1693.12 1700.49
56.11 145707 1572.32 1572.60 1572.48 1571.80 1571.51 1570.51 1569.82 1569.35 1568.06 1567.87 1566.78 1565.73 1564.61 1563.29 1562.86 1561.17 1560.13 1558.68 1557.73 1556.30 1554.35 1552.79 1551.54 1549.57 1547.99 1546.52 1544.15 1542.69 1540.21 1538.70 1536.00 1533.96 1531.59 1530.00 1527.03 1524.48 1522.29 1519.73 1517.42 1514.34 1511.62 1508.90 1506.39 1503.75 1500.03 1497.24 1494.08 1490.84 1487.46 1484.47 1481.25 1477.42 1474.10 1470.39 1466.72 1463.30 1459.24 1456.20 1452.05 1447.95 1443.84 1439.62 1436.08 1431.14 1427.16 1422.48 1418.60 1413.85 1409.77 1405.15 1400.68 1395.56 1390.48 1385.81 1381.02 1376.13 1371.06 1366.15 1360.94 1355.82 1350.32 1345.58 1340.37 1334.66 1329.61 1324.44 1318.65 1313.32 1307.72 1302.08 1296.80 1291.15 1285.35 1279.16 1273.88 1268.14 1262.55 1255.96 1250.58 1244.11 1238.76 1232.25 1226.81 1220.17 1214.49 1208.62 1202.55 1196.23 1189.65 1183.34 1177.17 1170.62 1164.25 1157.91 1151.65 1144.89 1138.67 1131.89 1125.56 1118.59 1112.03 1105.40 1098.58 1092.09 1085.42 1078.04 1071.99 1065.22 1058.18 1051.33 1044.71 1037.73 1030.40 1024.20 1017.11 1010.08 1003.11 995.69 988.82 981.48 975.17 967.84 960.47 953.54 946.57 939.51 932.36 925.11 917.73 910.70 903.53 896.19 888.67 881.91 873.98 866.79 859.86 852.70 845.28 837.63 830.67 823.45 815.97 808.19 801.04 793.57 786.25 779.11 771.63 764.28 756.63 749.62 742.30 734.65 727.12 719.75 712.45 704.73 697.52 689.91 682.34 674.81 667.27 659.76 652.25 644.81 637.37 629.50 622.13 614.38 607.17 599.55 592.09 584.89
-1644.60 145707 100.00 110.01 120.01 129.98 139.98 149.94 159.92 169.91 179.84 189.86 199.80 209.74 219.68 229.60 239.61 249.48 259.43 269.33 279.29 289.19 299.01 308.88 318.81 328.62 338.50 348.40 358.12 368.03 377.73 387.63 397.27 407.06 416.78 426.68 436.25 445.92 455.68 465.35 475.08 484.61 494.23 503.85 513.54 523.19 532.50 542.11 551.60 561.06 570.47 580.02 589.49 598.73 608.17 617.46 626.76 636.16 645.30 654.87 663.97 673.09 682.21 691.27 700.65 709.39 718.56 727.41 736.64 745.45 754.59 763.46 772.41 781.01 789.63 798.47 807.26 815.98 824.59 833.31 841.84 850.43 858.79 867.62 876.15 884.38 893.02 901.58 909.74 918.21 926.49 934.75 943.25 951.51 959.65 967.53 976.04 984.23 992.52 1000.10 1008.55 1016.21 1024.69 1032.31 1040.73 1048.24 1056.49 1064.59 1072.54 1080.30 1087.84 1095.60 1103.46 1111.03 1118.74 1126.47 1134.27 1141.65 1149.49 1156.85 1164.60 1171.78 1179.33 1186.82 1194.13 1201.74 1209.20 1216.00 1224.02 1231.38 1238.49 1245.78 1253.27 1260.44 1267.26 1275.18 1282.23 1289.34 1296.51 1303.24 1310.51 1317.32 1325.14 1331.95 1338.72 1345.95 1353.11 1360.20 1367.19 1374.07 1380.83 1387.94 1394.91 1401.72 1408.31 1415.72 1421.88 1428.84 1436.06 1443.05 1449.76 1456.21 1463.41 1470.34 1476.98 1483.28 1490.29 1496.94 1503.76 1510.77 1517.40 1524.18 1530.63 1537.79 1544.60 1551.05 1557.63 1564.40 1571.24 1577.60 1584.55 1591.04 1597.56 1604.15 1610.71 1617.32 1623.93 1630.61 1637.30 1643.48 1650.25 1656.58 1663.51 1669.99 1676.66 1683.60
84.66 145708 1572.66 1572.26 1572.50 1572.24 1571.37 1570.76 1570.40 1569.23 1569.20 1568.29 1567.43 1566.54 1565.52 1564.31 1562.89 1561.25 1560.20 1558.69 1557.69 1556.19 1554.12 1552.39 1550.92 1549.83 1547.93 1546.11 1544.30 1542.43 1540.42 1538.37 1536.02 1533.30 1531.11 1528.67 1526.64 1524.00 1521.92 1519.12 1516.47 1513.26 1510.96 1507.68 1504.56 1501.52 1499.11 1495.48 1492.59 1489.25 1485.68 1482.71 1479.09 1475.11 1472.41 1467.98 1464.66 1460.62 1456.68 1452.40 1448.97 1444.66 1441.05 1436.43 1432.37 1427.98 1423.18 1418.71 1414.48 1409.65 1404.95 1400.74 1395.33 1391.07 1385.93 1380.64 1375.54 1370.85 1365.52 1360.54 1355.56 1350.11 1344.59 1339.21 1333.67 1328.66 1323.02 1317.81 1311.86 1306.27 1300.30 1294.63 1289.18 1283.44 1277.17 1271.69 1265.64 1259.62 1253.56 1248.04 1241.77 1235.37 1229.38 1223.18 1217.25 1211.07 1204.58 1198.37 1191.79 1185.89 1179.53 1172.68 1166.35 1159.45 1153.05 1146.55 1139.88 1133.11 1126.68 1119.51 1112.60 1105.95 1099.56 1092.37 1085.92 1078.57 1071.82 1064.70 1057.66 1050.63 1043.59 1037.04 1029.47 1022.85 1015.16 1008.39 1001.54 994.12 987.12 979.52 972.80 965.45 958.41 951.15 943.67 936.42 928.92 921.64 914.55 907.18 899.49 892.44 885.06 877.31 870.12 862.52 854.97 847.95 840.03 832.61 825.25 817.47 810.16 802.38 795.05 787.65 779.76 772.28 764.30 756.74 749.59 741.94 734.22 726.51 718.75 711.36 703.44 695.87 688.62 680.78 673.22 665.49 657.65 650.11 642.36 634.49 626.92 619.16 611.70 603.63 595.84 588.33 580.21 572.75 565.16 557.34
-1653.79 145708 100.00 109.99 120.01 130.00 139.97 149.95 159.95 169.89 179.92 189.88 199.84 209.80 219.75 229.68 239.58 249.45 259.40 269.29 279.25 289.13 298.93 308.78 318.67 328.63 338.45 348.29 358.12 367.94 377.74 387.53 397.25 406.88 416.64 426.34 436.14 445.79 455.58 465.18 474.82 484.30 494.05 503.51 513.01 522.53 532.27 541.60 551.18 560.60 569.95 579.51 588.83 598.01 607.69 616.70 626.14 635.29 644.48 653.52 662.94 671.96 681.31 690.19 699.33 708.31 717.10 726.04 735.11 743.87 752.70 761.79 770.23 779.30 787.89 796.38 804.98 813.83 822.28 830.96 839.64 848.03 856.37 864.80 873.12 881.80 890.05 898.60 906.65 914.94 922.97 931.21 939.60 947.79 955.59 963.98 971.94 979.93 987.88 996.25 1004.04 1011.73 1019.74 1027.59 1035.65 1043.51 1051.12 1058.96 1066.49 1074.59 1082.32 1089.61 1097.36 1104.61 1112.30 1119.90 1127.35 1134.71 1142.38 1149.37 1156.60 1164.08 1171.79 1178.76 1186.43 1193.23 1200.62 1207.64 1214.74 1221.86 1228.96 1236.55 1243.12 1250.64 1257.09 1264.46 1271.76 1278.48 1285.62 1292.15 1299.58 1306.37 1313.48 1320.35 1326.99 1333.89 1340.50 1347.36 1354.42 1361.18 1367.59 1374.70 1381.45 1387.79 1394.74 1401.25 1407.80 1414.96 1421.10 1427.80 1434.58 1440.87 1447.71 1454.00 1460.81 1467.55 1473.70 1480.34 1486.40 1492.95 1499.96 1506.41 1512.77 1519.14 1525.45 1532.20 1538.33 1544.86 1551.78 1557.98 1564.54 1570.88 1577.09 1583.67 1589.99 1596.16 1602.71 1609.01 1615.68 1621.62 1627.88 1634.49 1640.36 1647.03 1653.55 1659.79
