# 
# MERITEV: polinomiNiz0Korak10.txt
# 
# Vsebuje sile v vzmeti za smeri x in y, case zajema slik in konstante polinoma, popisujocega obliko nosilca.
# Dolzina nosilca, torej najvecja vrednost parametra t je 1294mm
# Koordinate y narascajo navzgor, koordinate x pa desno.
# 
# Nosilec je popisan parametricno.
# Dolocata ga dva polinoma (v x in y smeri):
# 	x[i](t) = Kx[i](**N)*t**N + Kx[i](**N-1)*t**(N-1) + ... + Kx[i](2)*t**2 + K[i](1)*t**1,
# kjer i oznacuje serijo zajema tock, N stopnjo polinoma, Kx(**N) pa konstanto, ki pripada N-ti potenci.
# Ustrezne oznake veljajo za Ky. Ker je konstanta pri nicti potenci enaka nic, so shranjene le konstante potenc, visjih od 1.
# Koordinate so metricne, v milimetrih. Sile so v N. Casi so zapisani v obliki HHMMSS
# 
# Format zapisa:
# SilaX[0],	CasZajema[0]	Kx[0](**N),	...,	Kx[0](**2),	Kx[0](**1)
# SilaY[0]	CasZajema[0]	Ky[0](**N),	...,	Ky[0](**2),	Ky[0](**1)
# SilaX[1],	CasZajema[1]	Kx[1](**N),	...,	Kx[1](**2),	Kx[1](**1)
# SilaY[1]	CasZajema[1]	Ky[1](**N),	...,	Ky[1](**2),	Ky[1](**1)
# 						 .
# 						 .
# 						 .
# 
0.433 144520 -2.712e-18 1.098e-14 -1.675e-11 1.172e-08 -3.570e-06 9.994e-01
-0.037 144520 -5.900e-17 2.251e-13 -3.193e-10 2.183e-07 -8.825e-05 1.711e-02
0.390 144521 6.431e-17 -2.701e-13 4.393e-10 -3.470e-07 1.359e-04 9.753e-01
-0.020 144521 -9.059e-17 3.829e-13 -6.213e-10 4.905e-07 -1.926e-04 4.086e-02
0.412 144522 6.566e-17 -2.752e-13 4.454e-10 -3.489e-07 1.351e-04 9.757e-01
-0.017 144522 -1.178e-16 4.854e-13 -7.632e-10 5.704e-07 -1.945e-04 4.253e-02
0.484 144523 6.611e-17 -2.782e-13 4.528e-10 -3.572e-07 1.390e-04 9.750e-01
-0.017 144523 -1.426e-16 5.854e-13 -9.180e-10 6.828e-07 -2.224e-04 4.770e-02
0.526 144523 6.488e-17 -2.707e-13 4.380e-10 -3.453e-07 1.349e-04 9.752e-01
-0.016 144523 -1.316e-16 5.427e-13 -8.543e-10 6.339e-07 -1.939e-04 4.598e-02
0.601 144524 7.532e-17 -3.101e-13 4.929e-10 -3.788e-07 1.415e-04 9.750e-01
-0.015 144524 -1.293e-16 5.327e-13 -8.411e-10 6.209e-07 -1.686e-04 4.580e-02
0.564 144525 7.168e-17 -2.979e-13 4.791e-10 -3.738e-07 1.410e-04 9.750e-01
-0.009 144525 -1.209e-16 4.951e-13 -7.772e-10 5.662e-07 -1.364e-04 4.561e-02
0.604 144525 7.820e-17 -3.267e-13 5.271e-10 -4.109e-07 1.529e-04 9.736e-01
-0.010 144525 -1.576e-16 6.526e-13 -1.034e-09 7.590e-07 -1.920e-04 5.471e-02
0.658 144526 7.091e-17 -2.974e-13 4.842e-10 -3.835e-07 1.453e-04 9.735e-01
-0.010 144526 -1.303e-16 5.403e-13 -8.568e-10 6.240e-07 -1.348e-04 4.824e-02
0.704 144527 7.613e-17 -3.188e-13 5.178e-10 -4.080e-07 1.523e-04 9.730e-01
-0.010 144527 -1.135e-16 4.875e-13 -8.029e-10 6.040e-07 -1.265e-04 4.896e-02
0.745 144528 7.623e-17 -3.207e-13 5.225e-10 -4.122e-07 1.533e-04 9.736e-01
-0.011 144528 -1.148e-16 4.859e-13 -7.899e-10 5.890e-07 -1.210e-04 4.699e-02
0.675 144528 6.650e-17 -2.796e-13 4.579e-10 -3.656e-07 1.379e-04 9.752e-01
-0.015 144528 -9.335e-17 3.962e-13 -6.438e-10 4.709e-07 -7.201e-05 4.162e-02
0.678 144529 7.612e-17 -3.180e-13 5.150e-10 -4.043e-07 1.489e-04 9.737e-01
-0.014 144529 -1.246e-16 5.199e-13 -8.290e-10 5.967e-07 -1.044e-04 4.750e-02
0.819 144530 7.640e-17 -3.201e-13 5.211e-10 -4.131e-07 1.538e-04 9.727e-01
-0.016 144530 -1.191e-16 5.009e-13 -8.076e-10 5.911e-07 -1.025e-04 4.708e-02
0.812 144530 7.009e-17 -2.955e-13 4.848e-10 -3.874e-07 1.439e-04 9.740e-01
-0.013 144530 -1.165e-16 4.899e-13 -7.901e-10 5.747e-07 -8.803e-05 4.881e-02
0.852 144531 6.972e-17 -2.932e-13 4.814e-10 -3.864e-07 1.431e-04 9.744e-01
-0.015 144531 -1.237e-16 5.239e-13 -8.511e-10 6.248e-07 -1.015e-04 5.106e-02
0.887 144532 7.342e-17 -3.104e-13 5.105e-10 -4.080e-07 1.484e-04 9.738e-01
-0.019 144532 -1.159e-16 4.973e-13 -8.186e-10 6.033e-07 -8.306e-05 4.807e-02
0.847 144533 7.864e-17 -3.297e-13 5.385e-10 -4.273e-07 1.522e-04 9.735e-01
-0.017 144533 -1.363e-16 5.669e-13 -9.019e-10 6.365e-07 -7.127e-05 4.823e-02
0.914 144533 7.392e-17 -3.151e-13 5.224e-10 -4.196e-07 1.493e-04 9.738e-01
-0.019 144533 -1.107e-16 4.786e-13 -7.879e-10 5.671e-07 -4.538e-05 4.754e-02
0.991 144534 7.143e-17 -3.078e-13 5.188e-10 -4.263e-07 1.560e-04 9.721e-01
-0.022 144534 -1.323e-16 5.642e-13 -9.204e-10 6.666e-07 -7.772e-05 5.089e-02
0.953 144535 8.108e-17 -3.402e-13 5.581e-10 -4.460e-07 1.558e-04 9.730e-01
-0.018 144535 -1.299e-16 5.470e-13 -8.769e-10 6.093e-07 -3.214e-05 4.662e-02
1.029 144535 7.545e-17 -3.185e-13 5.261e-10 -4.237e-07 1.474e-04 9.738e-01
-0.023 144535 -1.217e-16 5.140e-13 -8.311e-10 5.843e-07 -2.370e-05 4.847e-02
1.094 144536 7.655e-17 -3.277e-13 5.489e-10 -4.474e-07 1.568e-04 9.729e-01
-0.021 144536 -1.429e-16 6.089e-13 -9.926e-10 7.118e-07 -6.518e-05 5.367e-02
1.055 144537 7.975e-17 -3.349e-13 5.510e-10 -4.416e-07 1.499e-04 9.740e-01
-0.019 144537 -1.464e-16 6.170e-13 -9.941e-10 6.997e-07 -4.766e-05 5.348e-02
1.083 144538 7.844e-17 -3.326e-13 5.545e-10 -4.520e-07 1.555e-04 9.726e-01
-0.020 144538 -1.313e-16 5.538e-13 -8.945e-10 6.249e-07 -1.549e-05 5.074e-02
1.103 144538 8.140e-17 -3.484e-13 5.844e-10 -4.767e-07 1.627e-04 9.722e-01
-0.024 144538 -1.387e-16 5.933e-13 -9.672e-10 6.806e-07 -2.813e-05 5.293e-02
1.152 144539 7.646e-17 -3.252e-13 5.451e-10 -4.477e-07 1.531e-04 9.727e-01
-0.028 144539 -1.350e-16 5.675e-13 -9.102e-10 6.252e-07 -3.185e-07 4.961e-02
1.147 144540 7.650e-17 -3.324e-13 5.688e-10 -4.743e-07 1.623e-04 9.717e-01
-0.034 144540 -1.463e-16 6.206e-13 -1.002e-09 6.960e-07 -1.754e-05 5.485e-02
1.190 144540 8.200e-17 -3.507e-13 5.899e-10 -4.841e-07 1.625e-04 9.718e-01
-0.038 144540 -1.234e-16 5.344e-13 -8.801e-10 6.137e-07 1.380e-05 5.090e-02
1.189 144541 7.777e-17 -3.372e-13 5.746e-10 -4.757e-07 1.575e-04 9.726e-01
-0.037 144541 -1.138e-16 4.981e-13 -8.277e-10 5.750e-07 3.471e-05 4.987e-02
1.221 144542 7.897e-17 -3.420e-13 5.836e-10 -4.852e-07 1.613e-04 9.717e-01
-0.041 144542 -1.378e-16 5.942e-13 -9.754e-10 6.801e-07 4.623e-06 5.506e-02
1.293 144542 7.145e-17 -3.133e-13 5.457e-10 -4.651e-07 1.550e-04 9.726e-01
-0.038 144542 -1.452e-16 6.262e-13 -1.030e-09 7.220e-07 -1.893e-06 5.581e-02
1.274 144543 7.112e-17 -3.125e-13 5.443e-10 -4.629e-07 1.515e-04 9.731e-01
-0.039 144543 -1.354e-16 5.916e-13 -9.835e-10 6.897e-07 1.567e-05 5.544e-02
1.331 144544 7.346e-17 -3.214e-13 5.597e-10 -4.775e-07 1.560e-04 9.724e-01
-0.052 144544 -1.087e-16 4.813e-13 -8.128e-10 5.664e-07 6.231e-05 5.178e-02
1.339 144545 8.675e-17 -3.721e-13 6.309e-10 -5.219e-07 1.652e-04 9.719e-01
-0.050 144545 -1.546e-16 6.587e-13 -1.069e-09 7.329e-07 2.107e-05 5.730e-02
1.359 144546 8.082e-17 -3.572e-13 6.243e-10 -5.301e-07 1.705e-04 9.705e-01
-0.051 144546 -1.606e-16 6.936e-13 -1.139e-09 7.923e-07 5.869e-06 6.041e-02
1.417 144546 7.655e-17 -3.384e-13 5.938e-10 -5.080e-07 1.619e-04 9.717e-01
-0.055 144546 -1.323e-16 5.791e-13 -9.611e-10 6.578e-07 5.927e-05 5.417e-02
1.386 144547 7.686e-17 -3.384e-13 5.944e-10 -5.099e-07 1.603e-04 9.719e-01
-0.063 144547 -1.303e-16 5.641e-13 -9.268e-10 6.215e-07 8.246e-05 5.281e-02
1.479 144548 8.315e-17 -3.623e-13 6.311e-10 -5.390e-07 1.686e-04 9.706e-01
-0.068 144548 -1.378e-16 5.983e-13 -9.901e-10 6.767e-07 6.822e-05 5.648e-02
1.421 144548 7.584e-17 -3.404e-13 6.104e-10 -5.335e-07 1.672e-04 9.711e-01
-0.077 144548 -1.339e-16 5.788e-13 -9.521e-10 6.387e-07 9.207e-05 5.303e-02
