# 
# MERITEV: polinomiNiz5Korak10.txt
# 
# Vsebuje sile v vzmeti za smeri x in y, case zajema slik in konstante polinoma, popisujocega obliko nosilca.
# Dolzina nosilca, torej najvecja vrednost parametra t je 1294mm
# Koordinate y narascajo navzgor, koordinate x pa desno.
# 
# Nosilec je popisan parametricno.
# Dolocata ga dva polinoma (v x in y smeri):
# 	x[i](t) = Kx[i](**N)*t**N + Kx[i](**N-1)*t**(N-1) + ... + Kx[i](2)*t**2 + K[i](1)*t**1,
# kjer i oznacuje serijo zajema tock, N stopnjo polinoma, Kx(**N) pa konstanto, ki pripada N-ti potenci.
# Ustrezne oznake veljajo za Ky. Ker je konstanta pri nicti potenci enaka nic, so shranjene le konstante potenc, visjih od 1.
# Koordinate so metricne, v milimetrih. Sile so v N. Casi so zapisani v obliki HHMMSS
# 
# Format zapisa:
# SilaX[0],	CasZajema[0]	Kx[0](**N),	...,	Kx[0](**2),	Kx[0](**1)
# SilaY[0]	CasZajema[0]	Ky[0](**N),	...,	Ky[0](**2),	Ky[0](**1)
# SilaX[1],	CasZajema[1]	Kx[1](**N),	...,	Kx[1](**2),	Kx[1](**1)
# SilaY[1]	CasZajema[1]	Ky[1](**N),	...,	Ky[1](**2),	Ky[1](**1)
# 						 .
# 						 .
# 						 .
# 
0.489 145846 7.161e-18 -2.760e-14 3.845e-11 -2.300e-08 5.376e-06 9.986e-01
-0.052 145846 -5.144e-17 2.054e-13 -3.108e-10 2.239e-07 -6.966e-05 2.072e-02
0.468 145846 6.968e-17 -2.924e-13 4.739e-10 -3.711e-07 1.429e-04 9.747e-01
-0.064 145846 -1.127e-16 4.739e-13 -7.602e-10 5.807e-07 -2.036e-04 4.323e-02
0.500 145847 6.202e-17 -2.602e-13 4.240e-10 -3.371e-07 1.334e-04 9.754e-01
-0.083 145847 -1.244e-16 5.145e-13 -8.149e-10 6.164e-07 -2.129e-04 4.499e-02
0.507 145848 6.231e-17 -2.629e-13 4.306e-10 -3.440e-07 1.367e-04 9.746e-01
-0.101 145848 -1.102e-16 4.666e-13 -7.556e-10 5.824e-07 -2.009e-04 4.411e-02
0.518 145849 6.517e-17 -2.761e-13 4.523e-10 -3.591e-07 1.403e-04 9.746e-01
-0.139 145849 -1.192e-16 5.103e-13 -8.388e-10 6.551e-07 -2.216e-04 4.964e-02
0.552 145849 6.471e-17 -2.709e-13 4.389e-10 -3.458e-07 1.347e-04 9.753e-01
-0.179 145849 -9.742e-17 4.155e-13 -6.790e-10 5.243e-07 -1.636e-04 4.288e-02
0.570 145851 6.271e-17 -2.639e-13 4.303e-10 -3.414e-07 1.327e-04 9.758e-01
-0.231 145851 -1.128e-16 4.742e-13 -7.627e-10 5.736e-07 -1.603e-04 4.410e-02
0.648 145852 6.348e-17 -2.684e-13 4.413e-10 -3.535e-07 1.361e-04 9.753e-01
-0.346 145852 -1.301e-16 5.478e-13 -8.845e-10 6.611e-07 -1.633e-04 4.918e-02
0.671 145853 7.935e-17 -3.303e-13 5.316e-10 -4.135e-07 1.522e-04 9.739e-01
-0.392 145853 -1.270e-16 5.243e-13 -8.287e-10 6.006e-07 -1.238e-04 4.538e-02
0.696 145853 7.894e-17 -3.293e-13 5.308e-10 -4.137e-07 1.517e-04 9.738e-01
-0.435 145853 -1.389e-16 5.853e-13 -9.436e-10 6.942e-07 -1.468e-04 4.871e-02
0.729 145854 8.557e-17 -3.578e-13 5.787e-10 -4.524e-07 1.639e-04 9.722e-01
-0.509 145854 -1.392e-16 5.874e-13 -9.489e-10 6.963e-07 -1.324e-04 5.132e-02
0.767 145855 7.303e-17 -3.064e-13 5.016e-10 -4.007e-07 1.463e-04 9.741e-01
-0.592 145855 -1.346e-16 5.683e-13 -9.207e-10 6.728e-07 -1.061e-04 5.061e-02
0.800 145856 7.229e-17 -3.091e-13 5.167e-10 -4.212e-07 1.541e-04 9.722e-01
-0.680 145856 -1.263e-16 5.394e-13 -8.824e-10 6.426e-07 -7.760e-05 5.028e-02
0.866 145857 6.977e-17 -2.968e-13 4.967e-10 -4.081e-07 1.451e-04 9.741e-01
-0.834 145857 -1.252e-16 5.315e-13 -8.684e-10 6.265e-07 -4.489e-05 4.882e-02
0.906 145858 8.284e-17 -3.534e-13 5.962e-10 -4.943e-07 1.685e-04 9.710e-01
-1.067 145858 -1.487e-16 6.427e-13 -1.067e-09 7.740e-07 -4.794e-05 5.609e-02
0.918 145859 7.528e-17 -3.206e-13 5.422e-10 -4.525e-07 1.517e-04 9.731e-01
-1.114 145859 -1.341e-16 5.684e-13 -9.253e-10 6.467e-07 1.074e-05 5.019e-02
0.955 145901 7.995e-17 -3.459e-13 5.989e-10 -5.122e-07 1.663e-04 9.716e-01
-1.361 145901 -1.361e-16 5.936e-13 -9.938e-10 7.055e-07 2.973e-05 5.242e-02
0.952 145901 8.648e-17 -3.742e-13 6.494e-10 -5.582e-07 1.799e-04 9.696e-01
-1.467 145901 -1.443e-16 6.311e-13 -1.060e-09 7.571e-07 2.840e-05 5.633e-02
0.958 145902 8.092e-17 -3.564e-13 6.361e-10 -5.636e-07 1.768e-04 9.698e-01
-1.649 145902 -1.586e-16 6.937e-13 -1.165e-09 8.269e-07 3.735e-05 5.946e-02
0.918 145903 8.846e-17 -3.888e-13 6.936e-10 -6.144e-07 1.892e-04 9.679e-01
-1.706 145903 -1.738e-16 7.547e-13 -1.258e-09 8.864e-07 3.996e-05 6.314e-02
0.915 145904 7.709e-17 -3.495e-13 6.520e-10 -6.041e-07 1.790e-04 9.699e-01
-1.928 145904 -1.713e-16 7.512e-13 -1.261e-09 8.814e-07 7.738e-05 6.171e-02
0.892 145905 7.344e-17 -3.425e-13 6.592e-10 -6.266e-07 1.823e-04 9.697e-01
-2.048 145905 -1.508e-16 6.804e-13 -1.172e-09 8.230e-07 1.173e-04 5.944e-02
0.872 145906 8.588e-17 -3.917e-13 7.384e-10 -6.905e-07 1.943e-04 9.685e-01
-2.207 145906 -1.664e-16 7.421e-13 -1.264e-09 8.783e-07 1.251e-04 6.259e-02
0.847 145906 6.428e-17 -3.145e-13 6.437e-10 -6.467e-07 1.805e-04 9.698e-01
-2.303 145906 -1.564e-16 7.089e-13 -1.226e-09 8.559e-07 1.469e-04 6.306e-02
0.820 145907 6.534e-17 -3.264e-13 6.837e-10 -7.000e-07 1.976e-04 9.666e-01
-2.453 145907 -1.622e-16 7.356e-13 -1.272e-09 8.822e-07 1.627e-04 6.251e-02
0.768 145908 7.606e-17 -3.706e-13 7.595e-10 -7.653e-07 2.078e-04 9.662e-01
-2.577 145908 -1.591e-16 7.303e-13 -1.275e-09 8.825e-07 1.879e-04 6.368e-02
0.672 145909 7.786e-17 -3.885e-13 8.225e-10 -8.509e-07 2.229e-04 9.647e-01
-2.834 145909 -1.934e-16 8.683e-13 -1.480e-09 9.989e-07 2.063e-04 6.712e-02
0.618 145910 5.677e-17 -3.178e-13 7.442e-10 -8.201e-07 2.080e-04 9.665e-01
-2.861 145910 -1.787e-16 8.141e-13 -1.400e-09 9.291e-07 2.543e-04 6.307e-02
0.547 145911 6.696e-17 -3.674e-13 8.464e-10 -9.232e-07 2.322e-04 9.634e-01
-3.041 145911 -2.132e-16 9.632e-13 -1.641e-09 1.095e-06 2.315e-04 7.059e-02
0.509 145912 6.355e-17 -3.567e-13 8.459e-10 -9.445e-07 2.370e-04 9.625e-01
-3.138 145912 -2.125e-16 9.681e-13 -1.660e-09 1.108e-06 2.446e-04 6.987e-02
0.402 145913 4.726e-17 -3.188e-13 8.532e-10 -1.014e-06 2.535e-04 9.590e-01
-3.377 145913 -2.134e-16 9.863e-13 -1.707e-09 1.133e-06 2.761e-04 7.304e-02
0.360 145914 8.394e-17 -4.539e-13 1.046e-09 -1.144e-06 2.798e-04 9.575e-01
-3.409 145914 -2.545e-16 1.138e-12 -1.906e-09 1.234e-06 2.753e-04 7.301e-02
0.302 145915 6.189e-17 -3.863e-13 9.855e-10 -1.141e-06 2.743e-04 9.579e-01
-3.567 145915 -2.479e-16 1.125e-12 -1.903e-09 1.230e-06 2.984e-04 7.371e-02
0.191 145916 5.665e-17 -3.804e-13 1.030e-09 -1.233e-06 2.918e-04 9.552e-01
-3.775 145916 -2.529e-16 1.149e-12 -1.939e-09 1.224e-06 3.475e-04 7.434e-02
0.138 145917 6.160e-17 -4.132e-13 1.109e-09 -1.315e-06 3.096e-04 9.535e-01
-3.832 145917 -2.723e-16 1.234e-12 -2.072e-09 1.304e-06 3.459e-04 7.589e-02
0.033 145918 6.671e-17 -4.553e-13 1.227e-09 -1.449e-06 3.339e-04 9.506e-01
-3.950 145918 -2.966e-16 1.338e-12 -2.225e-09 1.375e-06 3.673e-04 8.106e-02
-0.033 145919 7.394e-17 -4.952e-13 1.319e-09 -1.543e-06 3.494e-04 9.491e-01
-4.008 145919 -3.110e-16 1.396e-12 -2.299e-09 1.387e-06 4.021e-04 7.916e-02
-0.076 145920 8.531e-17 -5.512e-13 1.430e-09 -1.647e-06 3.727e-04 9.471e-01
-4.104 145920 -3.221e-16 1.443e-12 -2.367e-09 1.415e-06 4.155e-04 7.916e-02
