# 
# MERITEV: polinomiNiz0Korak10.txt
# 
# Vsebuje sile v vzmeti za smeri x in y, case zajema slik in konstante polinoma, popisujocega obliko nosilca.
# Dolzina nosilca, torej najvecja vrednost parametra t je 1294mm
# Koordinate y narascajo navzgor, koordinate x pa desno.
# 
# Nosilec je popisan parametricno.
# Dolocata ga dva polinoma (v x in y smeri):
# 	x[i](t) = Kx[i](**N)*t**N + Kx[i](**N-1)*t**(N-1) + ... + Kx[i](2)*t**2 + K[i](1)*t**1,
# kjer i oznacuje serijo zajema tock, N stopnjo polinoma, Kx(**N) pa konstanto, ki pripada N-ti potenci.
# Ustrezne oznake veljajo za Ky. Ker je konstanta pri nicti potenci enaka nic, so shranjene le konstante potenc, visjih od 1.
# Koordinate so metricne, v milimetrih. Sile so v N. Casi so zapisani v obliki HHMMSS
# 
# Format zapisa:
# SilaX[0],	CasZajema[0]	Kx[0](**N),	...,	Kx[0](**2),	Kx[0](**1)
# SilaY[0]	CasZajema[0]	Ky[0](**N),	...,	Ky[0](**2),	Ky[0](**1)
# SilaX[1],	CasZajema[1]	Kx[1](**N),	...,	Kx[1](**2),	Kx[1](**1)
# SilaY[1]	CasZajema[1]	Ky[1](**N),	...,	Ky[1](**2),	Ky[1](**1)
# 						 .
# 						 .
# 						 .
# 
0.154 145519 -2.134e-18 8.801e-15 -1.213e-11 6.784e-09 -2.978e-06 9.997e-01
-0.244 145519 -4.464e-17 1.707e-13 -2.394e-10 1.751e-07 -1.184e-04 1.361e-02
0.297 145520 6.873e-17 -2.881e-13 4.658e-10 -3.635e-07 1.395e-04 9.753e-01
-0.539 145520 -1.369e-16 5.660e-13 -8.943e-10 6.878e-07 -2.850e-04 4.712e-02
0.344 145520 6.835e-17 -2.860e-13 4.628e-10 -3.626e-07 1.401e-04 9.755e-01
-0.663 145520 -1.175e-16 4.804e-13 -7.535e-10 5.780e-07 -2.338e-04 4.283e-02
0.380 145521 6.896e-17 -2.884e-13 4.666e-10 -3.659e-07 1.419e-04 9.747e-01
-0.782 145521 -1.130e-16 4.677e-13 -7.397e-10 5.657e-07 -2.150e-04 4.211e-02
0.391 145522 7.239e-17 -3.003e-13 4.808e-10 -3.722e-07 1.423e-04 9.749e-01
-0.841 145522 -1.199e-16 5.007e-13 -7.982e-10 6.102e-07 -2.202e-04 4.400e-02
0.394 145523 6.758e-17 -2.813e-13 4.526e-10 -3.537e-07 1.371e-04 9.751e-01
-0.896 145523 -1.515e-16 6.251e-13 -9.851e-10 7.373e-07 -2.475e-04 4.972e-02
0.419 145523 6.417e-17 -2.697e-13 4.379e-10 -3.448e-07 1.338e-04 9.758e-01
-1.017 145523 -1.488e-16 6.051e-13 -9.386e-10 6.867e-07 -2.107e-04 4.666e-02
0.432 145524 6.857e-17 -2.884e-13 4.687e-10 -3.689e-07 1.420e-04 9.745e-01
-1.121 145524 -1.309e-16 5.362e-13 -8.417e-10 6.238e-07 -1.824e-04 4.698e-02
0.448 145525 7.817e-17 -3.256e-13 5.233e-10 -4.061e-07 1.532e-04 9.732e-01
-1.179 145525 -1.048e-16 4.416e-13 -7.121e-10 5.396e-07 -1.533e-04 4.185e-02
0.473 145525 6.669e-17 -2.836e-13 4.672e-10 -3.730e-07 1.433e-04 9.744e-01
-1.385 145525 -9.185e-17 4.021e-13 -6.768e-10 5.304e-07 -1.369e-04 4.410e-02
0.479 145526 6.439e-17 -2.719e-13 4.466e-10 -3.573e-07 1.365e-04 9.751e-01
-1.548 145526 -1.121e-16 4.741e-13 -7.744e-10 5.875e-07 -1.337e-04 4.538e-02
0.486 145527 7.635e-17 -3.204e-13 5.221e-10 -4.141e-07 1.549e-04 9.727e-01
-1.767 145527 -1.061e-16 4.543e-13 -7.510e-10 5.713e-07 -1.108e-04 4.620e-02
0.475 145528 7.079e-17 -2.981e-13 4.887e-10 -3.906e-07 1.455e-04 9.743e-01
-1.823 145528 -1.028e-16 4.508e-13 -7.631e-10 5.905e-07 -1.105e-04 4.730e-02
0.461 145528 7.338e-17 -3.084e-13 5.050e-10 -4.034e-07 1.484e-04 9.741e-01
-1.904 145528 -1.285e-16 5.513e-13 -9.136e-10 6.925e-07 -1.304e-04 5.130e-02
0.463 145529 7.882e-17 -3.285e-13 5.330e-10 -4.220e-07 1.540e-04 9.734e-01
-1.950 145529 -1.154e-16 4.927e-13 -8.117e-10 6.076e-07 -9.533e-05 4.628e-02
0.468 145530 7.211e-17 -3.014e-13 4.906e-10 -3.902e-07 1.431e-04 9.745e-01
-1.986 145530 -1.262e-16 5.423e-13 -8.972e-10 6.763e-07 -1.205e-04 4.975e-02
0.478 145530 6.932e-17 -2.926e-13 4.822e-10 -3.888e-07 1.437e-04 9.745e-01
-2.059 145530 -1.200e-16 5.140e-13 -8.476e-10 6.349e-07 -1.015e-04 4.705e-02
0.470 145531 7.341e-17 -3.110e-13 5.148e-10 -4.171e-07 1.547e-04 9.725e-01
-2.118 145531 -1.404e-16 6.005e-13 -9.896e-10 7.438e-07 -1.349e-04 5.283e-02
0.463 145532 6.699e-17 -2.846e-13 4.735e-10 -3.868e-07 1.430e-04 9.742e-01
-2.193 145532 -1.232e-16 5.310e-13 -8.836e-10 6.662e-07 -1.005e-04 4.796e-02
0.452 145532 7.611e-17 -3.212e-13 5.305e-10 -4.294e-07 1.566e-04 9.724e-01
-2.287 145532 -1.393e-16 5.937e-13 -9.791e-10 7.371e-07 -1.208e-04 5.453e-02
0.427 145533 7.415e-17 -3.146e-13 5.233e-10 -4.266e-07 1.539e-04 9.731e-01
-2.358 145533 -1.151e-16 5.009e-13 -8.438e-10 6.388e-07 -7.386e-05 4.864e-02
0.412 145534 6.620e-17 -2.843e-13 4.816e-10 -4.025e-07 1.471e-04 9.734e-01
-2.449 145534 -1.229e-16 5.344e-13 -9.003e-10 6.822e-07 -8.046e-05 5.023e-02
0.393 145535 7.254e-17 -3.098e-13 5.228e-10 -4.359e-07 1.582e-04 9.717e-01
-2.574 145535 -1.352e-16 5.891e-13 -9.955e-10 7.581e-07 -9.774e-05 5.395e-02
0.382 145535 7.576e-17 -3.278e-13 5.580e-10 -4.664e-07 1.672e-04 9.712e-01
-2.718 145535 -1.442e-16 6.410e-13 -1.103e-09 8.586e-07 -1.333e-04 6.105e-02
0.332 145536 7.134e-17 -3.082e-13 5.295e-10 -4.517e-07 1.608e-04 9.718e-01
-2.952 145536 -1.473e-16 6.449e-13 -1.094e-09 8.326e-07 -9.538e-05 5.631e-02
0.274 145537 7.244e-17 -3.125e-13 5.384e-10 -4.620e-07 1.609e-04 9.723e-01
-3.102 145537 -1.483e-16 6.436e-13 -1.082e-09 8.088e-07 -6.235e-05 5.309e-02
0.229 145537 7.788e-17 -3.306e-13 5.629e-10 -4.810e-07 1.659e-04 9.712e-01
-3.244 145537 -1.219e-16 5.395e-13 -9.362e-10 7.213e-07 -3.202e-05 5.396e-02
0.204 145538 7.504e-17 -3.217e-13 5.545e-10 -4.789e-07 1.635e-04 9.721e-01
-3.274 145538 -1.339e-16 5.892e-13 -1.011e-09 7.669e-07 -3.412e-05 5.335e-02
0.207 145539 7.133e-17 -3.081e-13 5.366e-10 -4.697e-07 1.626e-04 9.718e-01
-3.399 145539 -1.404e-16 6.185e-13 -1.063e-09 8.112e-07 -5.084e-05 5.478e-02
0.164 145540 6.861e-17 -3.006e-13 5.323e-10 -4.726e-07 1.616e-04 9.723e-01
-3.421 145540 -1.433e-16 6.331e-13 -1.089e-09 8.263e-07 -4.232e-05 5.441e-02
0.165 145540 7.656e-17 -3.299e-13 5.739e-10 -5.022e-07 1.729e-04 9.701e-01
-3.468 145540 -1.556e-16 6.753e-13 -1.144e-09 8.629e-07 -5.448e-05 5.624e-02
0.160 145541 6.685e-17 -2.942e-13 5.255e-10 -4.724e-07 1.636e-04 9.717e-01
-3.515 145541 -1.385e-16 6.159e-13 -1.068e-09 8.191e-07 -4.286e-05 5.497e-02
0.145 145542 1.271e-16 -5.137e-13 8.261e-10 -6.639e-07 2.178e-04 9.653e-01
-3.594 145542 -2.548e-16 1.037e-12 -1.642e-09 1.182e-06 -1.415e-04 6.748e-02
0.139 145542 1.126e-16 -4.501e-13 7.230e-10 -5.879e-07 1.915e-04 9.693e-01
-3.713 145542 -2.376e-16 9.544e-13 -1.499e-09 1.069e-06 -9.998e-05 6.191e-02
0.109 145543 7.385e-17 -3.178e-13 5.569e-10 -4.945e-07 1.673e-04 9.715e-01
-3.754 145543 -1.460e-16 6.409e-13 -1.101e-09 8.374e-07 -3.342e-05 5.412e-02
0.065 145544 7.408e-17 -3.208e-13 5.661e-10 -5.054e-07 1.689e-04 9.715e-01
-3.787 145544 -1.343e-16 5.947e-13 -1.031e-09 7.837e-07 -3.962e-06 5.165e-02
-0.009 145545 7.431e-17 -3.256e-13 5.842e-10 -5.312e-07 1.772e-04 9.705e-01
-3.988 145545 -1.532e-16 6.860e-13 -1.202e-09 9.332e-07 -4.992e-05 6.097e-02
-0.045 145545 6.485e-17 -2.870e-13 5.268e-10 -4.948e-07 1.659e-04 9.711e-01
-4.068 145545 -1.361e-16 6.178e-13 -1.099e-09 8.565e-07 -1.484e-05 5.592e-02
-0.126 145546 7.089e-17 -3.098e-13 5.664e-10 -5.339e-07 1.782e-04 9.692e-01
-4.143 145546 -1.454e-16 6.564e-13 -1.163e-09 9.031e-07 -1.300e-05 5.780e-02
-0.190 145547 7.306e-17 -3.221e-13 5.930e-10 -5.603e-07 1.833e-04 9.697e-01
-4.301 145547 -1.551e-16 7.021e-13 -1.246e-09 9.704e-07 -2.631e-05 6.073e-02
