# 
# MERITEV: polinomiNiz3Korak10.txt
# 
# Vsebuje sile v vzmeti za smeri x in y, case zajema slik in konstante polinoma, popisujocega obliko nosilca.
# Dolzina nosilca, torej najvecja vrednost parametra t je 1294mm
# Koordinate y narascajo navzgor, koordinate x pa desno.
# 
# Nosilec je popisan parametricno.
# Dolocata ga dva polinoma (v x in y smeri):
# 	x[i](t) = Kx[i](**N)*t**N + Kx[i](**N-1)*t**(N-1) + ... + Kx[i](2)*t**2 + K[i](1)*t**1,
# kjer i oznacuje serijo zajema tock, N stopnjo polinoma, Kx(**N) pa konstanto, ki pripada N-ti potenci.
# Ustrezne oznake veljajo za Ky. Ker je konstanta pri nicti potenci enaka nic, so shranjene le konstante potenc, visjih od 1.
# Koordinate so metricne, v milimetrih. Sile so v N. Casi so zapisani v obliki HHMMSS
# 
# Format zapisa:
# SilaX[0],	CasZajema[0]	Kx[0](**N),	...,	Kx[0](**2),	Kx[0](**1)
# SilaY[0]	CasZajema[0]	Ky[0](**N),	...,	Ky[0](**2),	Ky[0](**1)
# SilaX[1],	CasZajema[1]	Kx[1](**N),	...,	Kx[1](**2),	Kx[1](**1)
# SilaY[1]	CasZajema[1]	Ky[1](**N),	...,	Ky[1](**2),	Ky[1](**1)
# 						 .
# 						 .
# 						 .
# 
0.246 145721 -8.359e-19 1.535e-15 1.193e-12 -3.650e-09 1.474e-06 9.990e-01
-0.155 145721 -2.709e-17 1.156e-13 -1.841e-10 1.548e-07 -1.002e-04 1.660e-02
0.257 145721 7.051e-17 -2.968e-13 4.830e-10 -3.803e-07 1.471e-04 9.740e-01
-0.163 145721 -1.247e-16 5.045e-13 -7.780e-10 5.872e-07 -2.498e-04 4.107e-02
0.271 145723 7.514e-17 -3.140e-13 5.066e-10 -3.950e-07 1.515e-04 9.735e-01
-0.178 145723 -8.945e-17 3.747e-13 -6.013e-10 4.784e-07 -2.180e-04 3.908e-02
0.314 145724 7.392e-17 -3.065e-13 4.910e-10 -3.808e-07 1.457e-04 9.745e-01
-0.223 145724 -1.422e-16 5.781e-13 -8.991e-10 6.806e-07 -2.707e-04 4.780e-02
0.389 145724 6.992e-17 -2.897e-13 4.644e-10 -3.613e-07 1.396e-04 9.750e-01
-0.304 145724 -1.138e-16 4.790e-13 -7.726e-10 6.017e-07 -2.304e-04 4.413e-02
0.446 145725 7.099e-17 -2.970e-13 4.792e-10 -3.737e-07 1.434e-04 9.748e-01
-0.385 145725 -1.276e-16 5.213e-13 -8.141e-10 6.063e-07 -2.053e-04 4.307e-02
0.479 145726 6.925e-17 -2.897e-13 4.685e-10 -3.672e-07 1.418e-04 9.748e-01
-0.440 145726 -1.393e-16 5.712e-13 -8.952e-10 6.644e-07 -2.127e-04 4.640e-02
0.507 145726 6.610e-17 -2.767e-13 4.495e-10 -3.554e-07 1.381e-04 9.752e-01
-0.498 145726 -1.480e-16 6.029e-13 -9.392e-10 6.893e-07 -2.049e-04 4.795e-02
0.539 145727 6.708e-17 -2.789e-13 4.480e-10 -3.489e-07 1.331e-04 9.756e-01
-0.559 145727 -1.343e-16 5.557e-13 -8.803e-10 6.537e-07 -1.844e-04 4.764e-02
0.585 145728 7.288e-17 -3.074e-13 5.024e-10 -3.984e-07 1.513e-04 9.733e-01
-0.685 145728 -1.421e-16 5.918e-13 -9.430e-10 6.931e-07 -1.663e-04 4.934e-02
0.619 145729 7.336e-17 -3.074e-13 5.010e-10 -3.981e-07 1.496e-04 9.736e-01
-0.787 145729 -1.173e-16 5.030e-13 -8.277e-10 6.247e-07 -1.332e-04 4.970e-02
0.662 145729 7.889e-17 -3.278e-13 5.295e-10 -4.169e-07 1.526e-04 9.729e-01
-0.934 145729 -1.502e-16 6.301e-13 -1.013e-09 7.423e-07 -1.406e-04 5.339e-02
0.675 145730 8.551e-17 -3.575e-13 5.804e-10 -4.564e-07 1.619e-04 9.728e-01
-1.026 145730 -1.719e-16 7.128e-13 -1.130e-09 8.094e-07 -1.366e-04 5.322e-02
0.701 145731 6.500e-17 -2.781e-13 4.679e-10 -3.864e-07 1.418e-04 9.743e-01
-1.131 145731 -1.129e-16 4.797e-13 -7.837e-10 5.665e-07 -4.440e-05 4.411e-02
0.709 145731 7.245e-17 -3.053e-13 5.062e-10 -4.119e-07 1.446e-04 9.743e-01
-1.252 145731 -1.036e-16 4.480e-13 -7.495e-10 5.503e-07 -2.270e-05 4.712e-02
0.748 145732 7.308e-17 -3.094e-13 5.169e-10 -4.257e-07 1.484e-04 9.741e-01
-1.426 145732 -1.126e-16 4.919e-13 -8.276e-10 6.084e-07 -2.460e-05 4.854e-02
0.720 145733 8.369e-17 -3.580e-13 6.057e-10 -5.037e-07 1.742e-04 9.701e-01
-1.513 145733 -1.634e-16 6.947e-13 -1.134e-09 8.131e-07 -5.999e-05 5.476e-02
0.726 145733 8.573e-17 -3.657e-13 6.179e-10 -5.142e-07 1.719e-04 9.705e-01
-1.694 145733 -1.510e-16 6.434e-13 -1.055e-09 7.523e-07 -1.758e-05 5.398e-02
0.743 145734 6.333e-17 -2.792e-13 4.961e-10 -4.385e-07 1.475e-04 9.736e-01
-1.848 145734 -1.304e-16 5.711e-13 -9.659e-10 7.026e-07 8.060e-06 5.133e-02
0.705 145735 7.691e-17 -3.329e-13 5.806e-10 -5.039e-07 1.645e-04 9.717e-01
-1.924 145735 -1.415e-16 6.213e-13 -1.054e-09 7.691e-07 4.137e-06 5.637e-02
0.695 145736 7.608e-17 -3.320e-13 5.861e-10 -5.154e-07 1.638e-04 9.717e-01
-2.119 145736 -1.480e-16 6.421e-13 -1.075e-09 7.677e-07 3.314e-05 5.510e-02
0.647 145736 7.773e-17 -3.378e-13 6.003e-10 -5.361e-07 1.671e-04 9.710e-01
-2.227 145736 -1.626e-16 7.053e-13 -1.182e-09 8.465e-07 2.963e-05 5.898e-02
0.618 145737 7.420e-17 -3.369e-13 6.253e-10 -5.774e-07 1.792e-04 9.700e-01
-2.432 145737 -1.580e-16 7.019e-13 -1.200e-09 8.678e-07 4.310e-05 6.010e-02
0.580 145738 7.727e-17 -3.490e-13 6.500e-10 -6.063e-07 1.849e-04 9.691e-01
-2.602 145738 -1.633e-16 7.253e-13 -1.242e-09 8.972e-07 5.536e-05 6.078e-02
0.524 145739 6.743e-17 -3.112e-13 6.031e-10 -5.877e-07 1.739e-04 9.702e-01
-2.779 145739 -1.542e-16 6.951e-13 -1.208e-09 8.736e-07 8.768e-05 6.022e-02
0.370 145741 6.453e-17 -3.187e-13 6.620e-10 -6.786e-07 1.951e-04 9.677e-01
-3.042 145741 -1.698e-16 7.741e-13 -1.352e-09 9.709e-07 1.125e-04 6.392e-02
0.294 145741 4.953e-17 -2.620e-13 5.936e-10 -6.551e-07 1.855e-04 9.683e-01
-3.189 145741 -1.480e-16 6.925e-13 -1.242e-09 8.987e-07 1.560e-04 6.159e-02
0.250 145742 6.048e-17 -3.058e-13 6.671e-10 -7.194e-07 2.026e-04 9.666e-01
-3.356 145742 -1.746e-16 7.979e-13 -1.400e-09 1.002e-06 1.418e-04 6.413e-02
0.170 145743 8.297e-17 -3.952e-13 8.087e-10 -8.288e-07 2.274e-04 9.641e-01
-3.438 145743 -1.975e-16 8.860e-13 -1.522e-09 1.064e-06 1.544e-04 6.549e-02
0.115 145743 6.775e-17 -3.416e-13 7.481e-10 -8.103e-07 2.225e-04 9.643e-01
-3.521 145743 -2.001e-16 9.096e-13 -1.584e-09 1.128e-06 1.373e-04 7.145e-02
0.058 145744 5.029e-17 -2.820e-13 6.807e-10 -7.840e-07 2.103e-04 9.659e-01
-3.656 145744 -1.748e-16 8.098e-13 -1.429e-09 1.001e-06 2.056e-04 6.177e-02
0.011 145745 4.106e-17 -2.511e-13 6.537e-10 -7.911e-07 2.161e-04 9.652e-01
-3.782 145745 -1.817e-16 8.525e-13 -1.524e-09 1.091e-06 1.796e-04 6.564e-02
-0.075 145746 6.099e-17 -3.305e-13 7.825e-10 -8.952e-07 2.397e-04 9.620e-01
-3.860 145746 -2.170e-16 9.936e-13 -1.729e-09 1.213e-06 1.694e-04 7.180e-02
-0.209 145747 3.565e-17 -2.503e-13 7.137e-10 -8.992e-07 2.333e-04 9.628e-01
-3.919 145747 -2.167e-16 1.004e-12 -1.760e-09 1.223e-06 2.067e-04 7.151e-02
