# 
# MERITEV: polinomiNiz1Korak10.txt
# 
# Vsebuje sile v vzmeti za smeri x in y, case zajema slik in konstante polinoma, popisujocega obliko nosilca.
# Dolzina nosilca, torej najvecja vrednost parametra t je 1294mm
# Koordinate y narascajo navzgor, koordinate x pa desno.
# 
# Nosilec je popisan parametricno.
# Dolocata ga dva polinoma (v x in y smeri):
# 	x[i](t) = Kx[i](**N)*t**N + Kx[i](**N-1)*t**(N-1) + ... + Kx[i](2)*t**2 + K[i](1)*t**1,
# kjer i oznacuje serijo zajema tock, N stopnjo polinoma, Kx(**N) pa konstanto, ki pripada N-ti potenci.
# Ustrezne oznake veljajo za Ky. Ker je konstanta pri nicti potenci enaka nic, so shranjene le konstante potenc, visjih od 1.
# Koordinate so metricne, v milimetrih. Sile so v N. Casi so zapisani v obliki HHMMSS
# 
# Format zapisa:
# SilaX[0],	CasZajema[0]	Kx[0](**N),	...,	Kx[0](**2),	Kx[0](**1)
# SilaY[0]	CasZajema[0]	Ky[0](**N),	...,	Ky[0](**2),	Ky[0](**1)
# SilaX[1],	CasZajema[1]	Kx[1](**N),	...,	Kx[1](**2),	Kx[1](**1)
# SilaY[1]	CasZajema[1]	Ky[1](**N),	...,	Ky[1](**2),	Ky[1](**1)
# 						 .
# 						 .
# 						 .
# 
0.187 145609 -4.456e-18 1.952e-14 -3.058e-11 2.097e-08 -7.139e-06 1.000e+00
-0.230 145609 -3.800e-17 1.401e-13 -1.879e-10 1.314e-07 -8.909e-05 1.182e-02
0.294 145609 6.969e-17 -2.928e-13 4.759e-10 -3.742e-07 1.447e-04 9.747e-01
-0.415 145609 -1.438e-16 5.752e-13 -8.763e-10 6.427e-07 -2.435e-04 4.390e-02
0.396 145610 6.026e-17 -2.529e-13 4.120e-10 -3.272e-07 1.294e-04 9.762e-01
-0.622 145610 -1.263e-16 5.198e-13 -8.176e-10 6.161e-07 -2.185e-04 4.459e-02
0.415 145611 6.882e-17 -2.860e-13 4.608e-10 -3.612e-07 1.401e-04 9.748e-01
-0.710 145611 -1.254e-16 5.211e-13 -8.297e-10 6.272e-07 -2.037e-04 4.674e-02
0.450 145612 6.827e-17 -2.848e-13 4.600e-10 -3.606e-07 1.386e-04 9.751e-01
-0.829 145612 -1.238e-16 5.137e-13 -8.188e-10 6.166e-07 -1.835e-04 4.746e-02
0.448 145612 6.903e-17 -2.913e-13 4.751e-10 -3.747e-07 1.427e-04 9.745e-01
-0.890 145612 -1.043e-16 4.465e-13 -7.321e-10 5.575e-07 -1.457e-04 4.508e-02
0.475 145613 7.515e-17 -3.133e-13 5.064e-10 -3.975e-07 1.497e-04 9.732e-01
-1.034 145613 -1.104e-16 4.722e-13 -7.731e-10 5.795e-07 -1.286e-04 4.560e-02
0.534 145614 7.114e-17 -2.998e-13 4.901e-10 -3.890e-07 1.456e-04 9.741e-01
-1.255 145614 -1.157e-16 4.949e-13 -8.135e-10 6.134e-07 -1.285e-04 4.735e-02
0.529 145614 7.877e-17 -3.277e-13 5.294e-10 -4.157e-07 1.520e-04 9.738e-01
-1.350 145614 -1.606e-16 6.658e-13 -1.062e-09 7.793e-07 -1.634e-04 5.507e-02
0.591 145615 7.914e-17 -3.295e-13 5.335e-10 -4.210e-07 1.530e-04 9.735e-01
-1.632 145615 -1.262e-16 5.335e-13 -8.690e-10 6.441e-07 -1.053e-04 4.695e-02
0.537 145616 6.647e-17 -2.832e-13 4.751e-10 -3.925e-07 1.424e-04 9.743e-01
-1.810 145616 -1.208e-16 5.245e-13 -8.778e-10 6.548e-07 -7.085e-05 4.924e-02
0.539 145617 7.523e-17 -3.188e-13 5.312e-10 -4.350e-07 1.561e-04 9.726e-01
-1.884 145617 -1.450e-16 6.161e-13 -1.010e-09 7.420e-07 -9.099e-05 5.258e-02
0.539 145617 7.329e-17 -3.121e-13 5.237e-10 -4.326e-07 1.554e-04 9.724e-01
-1.971 145617 -1.165e-16 5.090e-13 -8.587e-10 6.425e-07 -5.442e-05 4.915e-02
0.484 145618 7.217e-17 -3.091e-13 5.256e-10 -4.418e-07 1.522e-04 9.735e-01
-2.230 145618 -1.230e-16 5.442e-13 -9.299e-10 6.963e-07 -3.634e-05 5.120e-02
0.474 145619 9.145e-17 -3.872e-13 6.487e-10 -5.365e-07 1.824e-04 9.695e-01
-2.491 145619 -1.642e-16 7.042e-13 -1.166e-09 8.563e-07 -6.917e-05 5.642e-02
0.440 145619 8.342e-17 -3.531e-13 5.969e-10 -5.024e-07 1.681e-04 9.716e-01
-2.637 145619 -1.685e-16 7.157e-13 -1.176e-09 8.555e-07 -5.102e-05 5.622e-02
0.367 145620 6.254e-17 -2.782e-13 5.043e-10 -4.592e-07 1.546e-04 9.727e-01
-2.858 145620 -1.186e-16 5.336e-13 -9.346e-10 7.055e-07 1.701e-05 5.182e-02
0.261 145621 7.126e-17 -3.185e-13 5.801e-10 -5.288e-07 1.722e-04 9.703e-01
-3.054 145621 -1.440e-16 6.434e-13 -1.112e-09 8.258e-07 1.361e-05 5.667e-02
0.256 145622 7.784e-17 -3.405e-13 6.089e-10 -5.484e-07 1.778e-04 9.701e-01
-3.128 145622 -1.415e-16 6.286e-13 -1.083e-09 8.010e-07 2.703e-05 5.417e-02
0.182 145622 7.407e-17 -3.295e-13 6.031e-10 -5.562e-07 1.770e-04 9.702e-01
-3.222 145622 -1.540e-16 6.882e-13 -1.193e-09 8.899e-07 1.329e-05 5.943e-02
0.136 145623 8.368e-17 -3.626e-13 6.491e-10 -5.901e-07 1.838e-04 9.696e-01
-3.452 145623 -1.715e-16 7.479e-13 -1.268e-09 9.274e-07 1.880e-05 6.086e-02
0.090 145624 7.083e-17 -3.192e-13 6.018e-10 -5.774e-07 1.846e-04 9.687e-01
-3.610 145624 -1.576e-16 7.049e-13 -1.227e-09 9.168e-07 2.820e-05 5.869e-02
0.030 145624 5.788e-17 -2.700e-13 5.355e-10 -5.408e-07 1.706e-04 9.706e-01
-3.735 145624 -1.420e-16 6.506e-13 -1.161e-09 8.824e-07 4.899e-05 5.777e-02
-0.048 145625 4.974e-17 -2.427e-13 5.075e-10 -5.355e-07 1.660e-04 9.712e-01
-3.816 145625 -1.506e-16 6.915e-13 -1.232e-09 9.312e-07 5.158e-05 5.931e-02
-0.082 145626 5.550e-17 -2.717e-13 5.656e-10 -5.907e-07 1.854e-04 9.688e-01
-3.860 145626 -1.550e-16 7.086e-13 -1.260e-09 9.536e-07 4.929e-05 6.192e-02
-0.107 145626 6.327e-17 -2.913e-13 5.785e-10 -5.897e-07 1.804e-04 9.695e-01
-3.915 145626 -1.547e-16 7.050e-13 -1.250e-09 9.384e-07 6.506e-05 5.892e-02
-0.150 145627 6.099e-17 -2.914e-13 5.954e-10 -6.156e-07 1.887e-04 9.684e-01
-3.957 145627 -1.468e-16 6.809e-13 -1.224e-09 9.224e-07 7.954e-05 5.792e-02
-0.171 145628 5.785e-17 -2.768e-13 5.728e-10 -6.019e-07 1.835e-04 9.691e-01
-3.963 145628 -1.588e-16 7.240e-13 -1.281e-09 9.557e-07 7.572e-05 5.917e-02
