# 
# MERITEV: polinomiNiz7Korak10.txt
# 
# Vsebuje sile v vzmeti za smeri x in y, case zajema slik in konstante polinoma, popisujocega obliko nosilca.
# Dolzina nosilca, torej najvecja vrednost parametra t je 1294mm
# Koordinate y narascajo navzgor, koordinate x pa desno.
# 
# Nosilec je popisan parametricno.
# Dolocata ga dva polinoma (v x in y smeri):
# 	x[i](t) = Kx[i](**N)*t**N + Kx[i](**N-1)*t**(N-1) + ... + Kx[i](2)*t**2 + K[i](1)*t**1,
# kjer i oznacuje serijo zajema tock, N stopnjo polinoma, Kx(**N) pa konstanto, ki pripada N-ti potenci.
# Ustrezne oznake veljajo za Ky. Ker je konstanta pri nicti potenci enaka nic, so shranjene le konstante potenc, visjih od 1.
# Koordinate so metricne, v milimetrih. Sile so v N. Casi so zapisani v obliki HHMMSS
# 
# Format zapisa:
# SilaX[0],	CasZajema[0]	Kx[0](**N),	...,	Kx[0](**2),	Kx[0](**1)
# SilaY[0]	CasZajema[0]	Ky[0](**N),	...,	Ky[0](**2),	Ky[0](**1)
# SilaX[1],	CasZajema[1]	Kx[1](**N),	...,	Kx[1](**2),	Kx[1](**1)
# SilaY[1]	CasZajema[1]	Ky[1](**N),	...,	Ky[1](**2),	Ky[1](**1)
# 						 .
# 						 .
# 						 .
# 
0.970 150023 4.219e-18 -2.413e-14 5.438e-11 -5.559e-08 8.755e-06 9.978e-01
-0.065 150023 -8.511e-17 3.570e-13 -5.635e-10 3.635e-07 4.819e-05 2.982e-02
0.980 150025 8.407e-17 -3.569e-13 5.898e-10 -4.726e-07 1.681e-04 9.710e-01
-0.148 150025 -1.504e-16 6.376e-13 -1.036e-09 7.524e-07 -1.045e-04 5.631e-02
0.992 150026 7.482e-17 -3.161e-13 5.243e-10 -4.254e-07 1.510e-04 9.734e-01
-0.228 150026 -1.407e-16 5.982e-13 -9.751e-10 7.036e-07 -7.687e-05 5.368e-02
1.012 150028 7.329e-17 -3.159e-13 5.343e-10 -4.407e-07 1.560e-04 9.721e-01
-0.336 150028 -1.177e-16 5.124e-13 -8.553e-10 6.212e-07 -3.427e-05 5.007e-02
1.032 150029 8.346e-17 -3.541e-13 5.886e-10 -4.764e-07 1.638e-04 9.716e-01
-0.401 150029 -1.279e-16 5.569e-13 -9.283e-10 6.723e-07 -3.941e-05 5.273e-02
1.041 150030 7.843e-17 -3.347e-13 5.619e-10 -4.604e-07 1.568e-04 9.727e-01
-0.458 150030 -1.458e-16 6.274e-13 -1.031e-09 7.378e-07 -4.812e-05 5.538e-02
1.059 150031 7.405e-17 -3.227e-13 5.550e-10 -4.659e-07 1.569e-04 9.727e-01
-0.572 150031 -1.439e-16 6.297e-13 -1.050e-09 7.551e-07 -3.238e-05 5.697e-02
1.087 150032 6.408e-17 -2.847e-13 5.032e-10 -4.357e-07 1.467e-04 9.737e-01
-0.636 150032 -1.157e-16 5.170e-13 -8.826e-10 6.374e-07 1.526e-05 5.209e-02
1.111 150033 8.856e-17 -3.782e-13 6.404e-10 -5.317e-07 1.708e-04 9.710e-01
-0.761 150033 -1.642e-16 6.977e-13 -1.134e-09 7.878e-07 1.200e-07 5.776e-02
1.125 150034 8.596e-17 -3.710e-13 6.381e-10 -5.391e-07 1.721e-04 9.707e-01
-0.835 150034 -1.487e-16 6.461e-13 -1.074e-09 7.571e-07 1.924e-05 5.878e-02
1.148 150035 8.550e-17 -3.697e-13 6.414e-10 -5.484e-07 1.710e-04 9.711e-01
-0.941 150035 -1.530e-16 6.643e-13 -1.101e-09 7.658e-07 4.124e-05 5.769e-02
1.164 150037 7.947e-17 -3.587e-13 6.497e-10 -5.757e-07 1.782e-04 9.699e-01
-1.072 150037 -1.432e-16 6.413e-13 -1.094e-09 7.728e-07 5.930e-05 6.007e-02
1.193 150038 7.934e-17 -3.622e-13 6.718e-10 -6.124e-07 1.842e-04 9.688e-01
-1.285 150038 -1.548e-16 6.860e-13 -1.160e-09 8.067e-07 8.983e-05 6.018e-02
1.208 150039 7.816e-17 -3.542e-13 6.560e-10 -5.991e-07 1.745e-04 9.703e-01
-1.361 150039 -1.495e-16 6.597e-13 -1.111e-09 7.609e-07 1.179e-04 5.911e-02
1.213 150040 8.300e-17 -3.806e-13 7.121e-10 -6.546e-07 1.906e-04 9.680e-01
-1.460 150040 -1.734e-16 7.663e-13 -1.291e-09 8.958e-07 8.883e-05 6.512e-02
1.213 150041 9.362e-17 -4.180e-13 7.604e-10 -6.825e-07 1.977e-04 9.675e-01
-1.457 150041 -1.688e-16 7.403e-13 -1.239e-09 8.491e-07 1.080e-04 6.212e-02
1.208 150042 8.186e-17 -3.791e-13 7.270e-10 -6.869e-07 1.906e-04 9.684e-01
-1.671 150042 -1.556e-16 6.908e-13 -1.167e-09 7.831e-07 1.745e-04 5.893e-02
1.197 150044 8.358e-17 -3.967e-13 7.800e-10 -7.506e-07 2.063e-04 9.662e-01
-1.824 150044 -1.757e-16 7.820e-13 -1.321e-09 8.904e-07 1.670e-04 6.426e-02
1.186 150044 8.502e-17 -4.056e-13 8.037e-10 -7.792e-07 2.093e-04 9.658e-01
-1.941 150044 -1.820e-16 8.149e-13 -1.385e-09 9.404e-07 1.673e-04 6.782e-02
1.167 150046 7.461e-17 -3.727e-13 7.835e-10 -7.989e-07 2.040e-04 9.664e-01
-2.211 150046 -1.767e-16 7.962e-13 -1.354e-09 8.937e-07 2.335e-04 6.481e-02
1.120 150047 8.877e-17 -4.394e-13 9.104e-10 -9.151e-07 2.336e-04 9.626e-01
-2.328 150047 -1.874e-16 8.443e-13 -1.432e-09 9.367e-07 2.502e-04 6.741e-02
1.056 150049 6.374e-17 -3.622e-13 8.460e-10 -9.173e-07 2.240e-04 9.637e-01
-2.491 150049 -1.965e-16 8.892e-13 -1.507e-09 9.720e-07 2.811e-04 7.037e-02
1.041 150049 5.650e-17 -3.366e-13 8.208e-10 -9.165e-07 2.203e-04 9.640e-01
-2.590 150049 -1.918e-16 8.730e-13 -1.485e-09 9.481e-07 3.079e-04 6.756e-02
0.980 150051 7.227e-17 -4.170e-13 9.867e-10 -1.077e-06 2.576e-04 9.596e-01
-2.795 150051 -2.071e-16 9.428e-13 -1.597e-09 1.007e-06 3.323e-04 7.057e-02
0.966 150052 8.224e-17 -4.589e-13 1.058e-09 -1.138e-06 2.716e-04 9.580e-01
-2.890 150052 -2.208e-16 9.972e-13 -1.673e-09 1.046e-06 3.381e-04 7.093e-02
0.920 150053 8.504e-17 -4.784e-13 1.114e-09 -1.204e-06 2.792e-04 9.576e-01
-3.039 150053 -2.334e-16 1.052e-12 -1.757e-09 1.085e-06 3.575e-04 7.259e-02
0.857 150054 9.348e-17 -5.288e-13 1.232e-09 -1.327e-06 3.051e-04 9.545e-01
-3.172 150054 -2.453e-16 1.102e-12 -1.824e-09 1.099e-06 3.959e-04 7.219e-02
0.818 150056 9.569e-17 -5.487e-13 1.294e-09 -1.405e-06 3.227e-04 9.522e-01
-3.304 150056 -2.796e-16 1.244e-12 -2.041e-09 1.235e-06 3.777e-04 7.738e-02
0.782 150056 8.125e-17 -5.040e-13 1.254e-09 -1.399e-06 3.094e-04 9.540e-01
-3.390 150056 -2.618e-16 1.177e-12 -1.939e-09 1.144e-06 4.314e-04 7.432e-02
0.720 150058 8.387e-17 -5.309e-13 1.339e-09 -1.500e-06 3.253e-04 9.523e-01
-3.529 150058 -2.965e-16 1.315e-12 -2.131e-09 1.237e-06 4.445e-04 7.658e-02
