# 
# MERITEV: polinomiNiz8Korak10.txt
# 
# Vsebuje sile v vzmeti za smeri x in y, case zajema slik in konstante polinoma, popisujocega obliko nosilca.
# Dolzina nosilca, torej najvecja vrednost parametra t je 1294mm
# Koordinate y narascajo navzgor, koordinate x pa desno.
# 
# Nosilec je popisan parametricno.
# Dolocata ga dva polinoma (v x in y smeri):
# 	x[i](t) = Kx[i](**N)*t**N + Kx[i](**N-1)*t**(N-1) + ... + Kx[i](2)*t**2 + K[i](1)*t**1,
# kjer i oznacuje serijo zajema tock, N stopnjo polinoma, Kx(**N) pa konstanto, ki pripada N-ti potenci.
# Ustrezne oznake veljajo za Ky. Ker je konstanta pri nicti potenci enaka nic, so shranjene le konstante potenc, visjih od 1.
# Koordinate so metricne, v milimetrih. Sile so v N. Casi so zapisani v obliki HHMMSS
# 
# Format zapisa:
# SilaX[0],	CasZajema[0]	Kx[0](**N),	...,	Kx[0](**2),	Kx[0](**1)
# SilaY[0]	CasZajema[0]	Ky[0](**N),	...,	Ky[0](**2),	Ky[0](**1)
# SilaX[1],	CasZajema[1]	Kx[1](**N),	...,	Kx[1](**2),	Kx[1](**1)
# SilaY[1]	CasZajema[1]	Ky[1](**N),	...,	Ky[1](**2),	Ky[1](**1)
# 						 .
# 						 .
# 						 .
# 
1.151 150113 3.726e-18 -2.808e-14 7.567e-11 -8.616e-08 1.203e-05 9.968e-01
-0.065 150113 -6.159e-17 2.791e-13 -4.728e-10 2.971e-07 1.312e-04 3.018e-02
1.166 150114 7.778e-17 -3.341e-13 5.675e-10 -4.718e-07 1.605e-04 9.719e-01
-0.169 150114 -1.300e-16 5.553e-13 -9.065e-10 6.297e-07 8.748e-06 5.075e-02
1.133 150115 8.016e-17 -3.460e-13 5.876e-10 -4.851e-07 1.623e-04 9.722e-01
-0.191 150115 -1.296e-16 5.604e-13 -9.227e-10 6.450e-07 5.227e-06 5.248e-02
1.166 150116 8.213e-17 -3.577e-13 6.136e-10 -5.122e-07 1.715e-04 9.703e-01
-0.319 150116 -1.344e-16 5.799e-13 -9.549e-10 6.665e-07 1.256e-05 5.274e-02
1.195 150118 8.915e-17 -3.814e-13 6.455e-10 -5.340e-07 1.738e-04 9.706e-01
-0.444 150118 -1.511e-16 6.386e-13 -1.031e-09 7.069e-07 2.011e-05 5.418e-02
1.219 150118 8.503e-17 -3.685e-13 6.319e-10 -5.286e-07 1.698e-04 9.710e-01
-0.517 150118 -1.485e-16 6.460e-13 -1.069e-09 7.465e-07 1.562e-05 5.620e-02
1.239 150119 8.713e-17 -3.804e-13 6.600e-10 -5.589e-07 1.789e-04 9.698e-01
-0.605 150119 -1.358e-16 5.995e-13 -1.012e-09 7.190e-07 3.008e-05 5.849e-02
1.231 150120 8.164e-17 -3.598e-13 6.354e-10 -5.502e-07 1.720e-04 9.704e-01
-0.721 150120 -1.576e-16 6.784e-13 -1.115e-09 7.659e-07 4.950e-05 5.823e-02
1.274 150122 8.470e-17 -3.784e-13 6.805e-10 -5.993e-07 1.821e-04 9.695e-01
-0.903 150122 -1.513e-16 6.659e-13 -1.116e-09 7.691e-07 7.989e-05 5.879e-02
1.323 150123 8.370e-17 -3.769e-13 6.847e-10 -6.092e-07 1.834e-04 9.692e-01
-1.005 150123 -1.590e-16 6.976e-13 -1.167e-09 8.065e-07 7.661e-05 6.141e-02
1.365 150124 8.983e-17 -4.085e-13 7.539e-10 -6.819e-07 1.987e-04 9.669e-01
-1.257 150124 -1.642e-16 7.246e-13 -1.215e-09 8.273e-07 1.167e-04 6.135e-02
1.304 150125 7.676e-17 -3.646e-13 7.042e-10 -6.603e-07 1.884e-04 9.685e-01
-1.270 150125 -1.586e-16 7.048e-13 -1.185e-09 7.957e-07 1.472e-04 6.077e-02
1.318 150126 7.393e-17 -3.575e-13 7.112e-10 -6.867e-07 1.877e-04 9.682e-01
-1.474 150126 -1.660e-16 7.377e-13 -1.239e-09 8.220e-07 1.786e-04 6.143e-02
1.323 150128 7.756e-17 -3.856e-13 7.880e-10 -7.761e-07 2.081e-04 9.656e-01
-1.704 150128 -1.738e-16 7.814e-13 -1.326e-09 8.828e-07 1.959e-04 6.590e-02
1.294 150129 7.089e-17 -3.688e-13 7.955e-10 -8.160e-07 2.064e-04 9.660e-01
-1.931 150129 -1.527e-16 7.017e-13 -1.210e-09 7.820e-07 2.768e-04 6.435e-02
1.278 150130 7.422e-17 -3.910e-13 8.584e-10 -8.945e-07 2.184e-04 9.647e-01
-2.187 150130 -1.816e-16 8.214e-13 -1.392e-09 8.895e-07 2.893e-04 6.758e-02
1.271 150131 7.398e-17 -3.953e-13 8.797e-10 -9.251e-07 2.234e-04 9.641e-01
-2.287 150131 -1.864e-16 8.421e-13 -1.424e-09 9.032e-07 3.035e-04 6.716e-02
1.231 150132 9.005e-17 -4.704e-13 1.030e-09 -1.072e-06 2.543e-04 9.602e-01
-2.536 150132 -2.248e-16 9.961e-13 -1.646e-09 1.023e-06 3.206e-04 7.070e-02
1.192 150133 8.344e-17 -4.575e-13 1.040e-09 -1.104e-06 2.538e-04 9.605e-01
-2.632 150133 -2.215e-16 9.922e-13 -1.650e-09 1.016e-06 3.474e-04 7.197e-02
1.170 150135 8.890e-17 -4.901e-13 1.121e-09 -1.193e-06 2.752e-04 9.575e-01
-2.791 150135 -2.361e-16 1.054e-12 -1.744e-09 1.065e-06 3.611e-04 7.322e-02
1.131 150136 7.791e-17 -4.661e-13 1.131e-09 -1.243e-06 2.772e-04 9.573e-01
-2.979 150136 -2.296e-16 1.038e-12 -1.727e-09 1.036e-06 4.048e-04 7.452e-02
1.079 150137 8.404e-17 -5.103e-13 1.244e-09 -1.365e-06 3.013e-04 9.544e-01
-3.139 150137 -2.597e-16 1.160e-12 -1.898e-09 1.113e-06 4.290e-04 7.398e-02
1.006 150139 1.169e-16 -6.569e-13 1.510e-09 -1.593e-06 3.470e-04 9.498e-01
-3.288 150139 -3.049e-16 1.337e-12 -2.140e-09 1.223e-06 4.516e-04 7.813e-02
0.977 150140 7.548e-17 -5.174e-13 1.361e-09 -1.546e-06 3.183e-04 9.531e-01
-3.544 150140 -2.987e-16 1.319e-12 -2.110e-09 1.170e-06 5.080e-04 7.645e-02
0.921 150142 9.438e-17 -6.153e-13 1.563e-09 -1.734e-06 3.586e-04 9.478e-01
-3.666 150142 -3.159e-16 1.385e-12 -2.188e-09 1.171e-06 5.536e-04 7.673e-02
0.872 150143 1.329e-16 -7.978e-13 1.900e-09 -2.014e-06 4.136e-04 9.427e-01
-3.851 150143 -3.545e-16 1.537e-12 -2.385e-09 1.236e-06 5.935e-04 7.760e-02
0.821 150144 1.463e-16 -8.718e-13 2.052e-09 -2.150e-06 4.410e-04 9.386e-01
-3.790 150144 -3.735e-16 1.608e-12 -2.471e-09 1.257e-06 6.123e-04 8.247e-02
