# 
# MERITEV: polinomiNiz4Korak10.txt
# 
# Vsebuje sile v vzmeti za smeri x in y, case zajema slik in konstante polinoma, popisujocega obliko nosilca.
# Dolzina nosilca, torej najvecja vrednost parametra t je 1294mm
# Koordinate y narascajo navzgor, koordinate x pa desno.
# 
# Nosilec je popisan parametricno.
# Dolocata ga dva polinoma (v x in y smeri):
# 	x[i](t) = Kx[i](**N)*t**N + Kx[i](**N-1)*t**(N-1) + ... + Kx[i](2)*t**2 + K[i](1)*t**1,
# kjer i oznacuje serijo zajema tock, N stopnjo polinoma, Kx(**N) pa konstanto, ki pripada N-ti potenci.
# Ustrezne oznake veljajo za Ky. Ker je konstanta pri nicti potenci enaka nic, so shranjene le konstante potenc, visjih od 1.
# Koordinate so metricne, v milimetrih. Sile so v N. Casi so zapisani v obliki HHMMSS
# 
# Format zapisa:
# SilaX[0],	CasZajema[0]	Kx[0](**N),	...,	Kx[0](**2),	Kx[0](**1)
# SilaY[0]	CasZajema[0]	Ky[0](**N),	...,	Ky[0](**2),	Ky[0](**1)
# SilaX[1],	CasZajema[1]	Kx[1](**N),	...,	Kx[1](**2),	Kx[1](**1)
# SilaY[1]	CasZajema[1]	Ky[1](**N),	...,	Ky[1](**2),	Ky[1](**1)
# 						 .
# 						 .
# 						 .
# 
0.305 145800 -6.838e-21 5.039e-16 -6.350e-13 -1.535e-10 -2.614e-07 9.993e-01
-0.082 145800 -7.102e-17 2.716e-13 -3.880e-10 2.737e-07 -1.304e-04 1.745e-02
0.319 145802 6.671e-17 -2.811e-13 4.590e-10 -3.637e-07 1.421e-04 9.748e-01
-0.117 145802 -1.257e-16 5.182e-13 -8.164e-10 6.263e-07 -2.575e-04 4.475e-02
0.390 145803 6.344e-17 -2.651e-13 4.289e-10 -3.373e-07 1.321e-04 9.757e-01
-0.169 145803 -1.190e-16 4.863e-13 -7.580e-10 5.720e-07 -2.226e-04 4.152e-02
0.444 145804 6.705e-17 -2.816e-13 4.582e-10 -3.621e-07 1.419e-04 9.745e-01
-0.223 145804 -1.498e-16 6.059e-13 -9.404e-10 7.042e-07 -2.557e-04 4.882e-02
0.464 145805 6.967e-17 -2.914e-13 4.699e-10 -3.663e-07 1.409e-04 9.749e-01
-0.260 145805 -1.422e-16 5.790e-13 -9.034e-10 6.746e-07 -2.312e-04 4.774e-02
0.497 145806 6.353e-17 -2.670e-13 4.344e-10 -3.435e-07 1.340e-04 9.755e-01
-0.321 145806 -1.107e-16 4.614e-13 -7.373e-10 5.577e-07 -1.728e-04 4.396e-02
0.590 145807 7.811e-17 -3.272e-13 5.299e-10 -4.148e-07 1.563e-04 9.730e-01
-0.457 145807 -1.440e-16 5.886e-13 -9.226e-10 6.759e-07 -1.778e-04 4.820e-02
0.668 145809 6.791e-17 -2.852e-13 4.657e-10 -3.701e-07 1.396e-04 9.750e-01
-0.601 145809 -1.330e-16 5.543e-13 -8.849e-10 6.488e-07 -1.391e-04 4.740e-02
0.691 145810 7.843e-17 -3.290e-13 5.352e-10 -4.222e-07 1.562e-04 9.728e-01
-0.663 145810 -1.296e-16 5.445e-13 -8.771e-10 6.444e-07 -1.241e-04 4.787e-02
0.685 145810 7.412e-17 -3.115e-13 5.085e-10 -4.035e-07 1.497e-04 9.738e-01
-0.670 145810 -1.391e-16 5.790e-13 -9.253e-10 6.769e-07 -1.327e-04 4.957e-02
0.682 145812 7.382e-17 -3.098e-13 5.061e-10 -4.032e-07 1.504e-04 9.734e-01
-0.666 145812 -1.330e-16 5.616e-13 -9.113e-10 6.761e-07 -1.340e-04 5.103e-02
0.766 145813 7.566e-17 -3.233e-13 5.389e-10 -4.376e-07 1.583e-04 9.723e-01
-0.913 145813 -1.294e-16 5.634e-13 -9.397e-10 6.986e-07 -9.463e-05 5.173e-02
0.792 145815 7.570e-17 -3.252e-13 5.496e-10 -4.546e-07 1.597e-04 9.724e-01
-1.094 145815 -1.228e-16 5.342e-13 -8.955e-10 6.606e-07 -4.620e-05 5.181e-02
0.810 145815 8.294e-17 -3.566e-13 6.017e-10 -4.951e-07 1.711e-04 9.707e-01
-1.182 145815 -1.182e-16 5.213e-13 -8.796e-10 6.406e-07 -1.878e-05 4.954e-02
0.825 145816 7.736e-17 -3.292e-13 5.556e-10 -4.626e-07 1.563e-04 9.726e-01
-1.314 145816 -1.122e-16 5.002e-13 -8.564e-10 6.289e-07 2.352e-06 5.035e-02
0.845 145817 8.122e-17 -3.466e-13 5.890e-10 -4.944e-07 1.633e-04 9.722e-01
-1.465 145817 -1.510e-16 6.410e-13 -1.045e-09 7.346e-07 1.285e-06 5.125e-02
0.827 145817 7.613e-17 -3.342e-13 5.896e-10 -5.147e-07 1.658e-04 9.715e-01
-1.659 145817 -1.391e-16 6.097e-13 -1.027e-09 7.332e-07 3.245e-05 5.477e-02
0.833 145818 7.494e-17 -3.276e-13 5.800e-10 -5.113e-07 1.625e-04 9.720e-01
-1.758 145818 -1.378e-16 6.012e-13 -1.010e-09 7.163e-07 5.268e-05 5.290e-02
0.806 145819 6.262e-17 -2.910e-13 5.541e-10 -5.224e-07 1.626e-04 9.716e-01
-2.007 145819 -1.379e-16 6.221e-13 -1.079e-09 7.817e-07 6.293e-05 5.793e-02
0.795 145820 6.485e-17 -3.001e-13 5.723e-10 -5.428e-07 1.670e-04 9.708e-01
-2.116 145820 -1.283e-16 5.824e-13 -1.014e-09 7.261e-07 9.903e-05 5.546e-02
0.744 145821 6.224e-17 -2.977e-13 5.902e-10 -5.781e-07 1.749e-04 9.698e-01
-2.237 145821 -1.476e-16 6.715e-13 -1.172e-09 8.471e-07 8.319e-05 6.235e-02
0.727 145822 6.640e-17 -3.169e-13 6.296e-10 -6.194e-07 1.844e-04 9.682e-01
-2.432 145822 -1.526e-16 6.916e-13 -1.203e-09 8.632e-07 1.008e-04 6.248e-02
0.655 145823 6.573e-17 -3.165e-13 6.465e-10 -6.565e-07 1.860e-04 9.686e-01
-2.719 145823 -1.722e-16 7.735e-13 -1.330e-09 9.360e-07 1.272e-04 6.219e-02
0.575 145824 6.131e-17 -3.083e-13 6.595e-10 -6.925e-07 1.924e-04 9.675e-01
-2.807 145824 -1.559e-16 7.101e-13 -1.236e-09 8.575e-07 1.840e-04 5.969e-02
0.526 145824 6.412e-17 -3.218e-13 6.922e-10 -7.330e-07 2.009e-04 9.666e-01
-2.955 145824 -1.613e-16 7.429e-13 -1.306e-09 9.162e-07 1.818e-04 6.312e-02
0.451 145825 5.891e-17 -3.162e-13 7.182e-10 -7.839e-07 2.118e-04 9.653e-01
-3.070 145825 -1.656e-16 7.672e-13 -1.349e-09 9.353e-07 2.073e-04 6.334e-02
0.363 145827 5.134e-17 -2.966e-13 7.202e-10 -8.219e-07 2.184e-04 9.644e-01
-3.266 145827 -1.776e-16 8.264e-13 -1.455e-09 1.006e-06 2.168e-04 6.615e-02
0.305 145827 6.442e-17 -3.448e-13 7.972e-10 -8.887e-07 2.323e-04 9.629e-01
-3.419 145827 -2.034e-16 9.291e-13 -1.610e-09 1.108e-06 2.048e-04 7.045e-02
0.236 145828 5.457e-17 -3.162e-13 7.789e-10 -8.995e-07 2.277e-04 9.639e-01
-3.494 145828 -2.004e-16 9.245e-13 -1.613e-09 1.106e-06 2.276e-04 7.063e-02
0.160 145829 5.214e-17 -3.159e-13 8.060e-10 -9.481e-07 2.365e-04 9.626e-01
-3.565 145829 -2.143e-16 9.820e-13 -1.695e-09 1.140e-06 2.500e-04 7.120e-02
0.105 145829 4.580e-17 -2.979e-13 8.017e-10 -9.715e-07 2.417e-04 9.619e-01
-3.663 145829 -2.193e-16 1.007e-12 -1.737e-09 1.160e-06 2.649e-04 6.981e-02
0.084 145830 5.751e-17 -3.511e-13 8.976e-10 -1.055e-06 2.690e-04 9.584e-01
-3.752 145830 -2.320e-16 1.063e-12 -1.835e-09 1.239e-06 2.413e-04 7.435e-02
-0.051 145832 5.285e-17 -3.460e-13 9.327e-10 -1.127e-06 2.754e-04 9.580e-01
-3.919 145832 -2.493e-16 1.136e-12 -1.936e-09 1.267e-06 2.893e-04 7.292e-02
-0.127 145832 6.488e-17 -4.068e-13 1.057e-09 -1.243e-06 3.006e-04 9.550e-01
-3.928 145832 -2.532e-16 1.156e-12 -1.963e-09 1.261e-06 3.235e-04 7.275e-02
-0.186 145833 4.849e-17 -3.580e-13 1.022e-09 -1.260e-06 3.060e-04 9.536e-01
-4.006 145833 -2.626e-16 1.204e-12 -2.049e-09 1.322e-06 3.187e-04 7.604e-02
-0.254 145834 5.621e-17 -3.975e-13 1.106e-09 -1.340e-06 3.163e-04 9.532e-01
-4.060 145834 -2.899e-16 1.310e-12 -2.192e-09 1.383e-06 3.358e-04 7.677e-02
-0.269 145834 4.260e-17 -3.505e-13 1.049e-09 -1.313e-06 3.094e-04 9.536e-01
-4.119 145834 -2.842e-16 1.293e-12 -2.178e-09 1.382e-06 3.355e-04 7.732e-02
-0.302 145835 5.165e-17 -3.898e-13 1.120e-09 -1.374e-06 3.221e-04 9.520e-01
-4.126 145835 -2.766e-16 1.267e-12 -2.141e-09 1.348e-06 3.565e-04 7.842e-02
-0.340 145836 4.284e-17 -3.688e-13 1.120e-09 -1.402e-06 3.267e-04 9.518e-01
-4.165 145836 -3.055e-16 1.387e-12 -2.322e-09 1.460e-06 3.410e-04 8.092e-02
