# 
# MERITEV: polinomiNiz6Korak10.txt
# 
# Vsebuje sile v vzmeti za smeri x in y, case zajema slik in konstante polinoma, popisujocega obliko nosilca.
# Dolzina nosilca, torej najvecja vrednost parametra t je 1294mm
# Koordinate y narascajo navzgor, koordinate x pa desno.
# 
# Nosilec je popisan parametricno.
# Dolocata ga dva polinoma (v x in y smeri):
# 	x[i](t) = Kx[i](**N)*t**N + Kx[i](**N-1)*t**(N-1) + ... + Kx[i](2)*t**2 + K[i](1)*t**1,
# kjer i oznacuje serijo zajema tock, N stopnjo polinoma, Kx(**N) pa konstanto, ki pripada N-ti potenci.
# Ustrezne oznake veljajo za Ky. Ker je konstanta pri nicti potenci enaka nic, so shranjene le konstante potenc, visjih od 1.
# Koordinate so metricne, v milimetrih. Sile so v N. Casi so zapisani v obliki HHMMSS
# 
# Format zapisa:
# SilaX[0],	CasZajema[0]	Kx[0](**N),	...,	Kx[0](**2),	Kx[0](**1)
# SilaY[0]	CasZajema[0]	Ky[0](**N),	...,	Ky[0](**2),	Ky[0](**1)
# SilaX[1],	CasZajema[1]	Kx[1](**N),	...,	Kx[1](**2),	Kx[1](**1)
# SilaY[1]	CasZajema[1]	Ky[1](**N),	...,	Ky[1](**2),	Ky[1](**1)
# 						 .
# 						 .
# 						 .
# 
0.707 145934 6.162e-18 -2.839e-14 5.081e-11 -4.334e-08 1.297e-05 9.971e-01
-0.040 145934 -4.795e-17 2.083e-13 -3.393e-10 2.333e-07 4.073e-06 2.189e-02
0.717 145935 7.365e-17 -3.054e-13 4.905e-10 -3.817e-07 1.420e-04 9.751e-01
-0.067 145935 -1.324e-16 5.484e-13 -8.708e-10 6.387e-07 -1.488e-04 4.707e-02
0.701 145935 7.525e-17 -3.146e-13 5.089e-10 -3.984e-07 1.489e-04 9.740e-01
-0.066 145935 -1.227e-16 5.154e-13 -8.256e-10 6.057e-07 -1.357e-04 4.620e-02
0.729 145937 7.401e-17 -3.125e-13 5.105e-10 -4.035e-07 1.515e-04 9.735e-01
-0.110 145937 -1.589e-16 6.526e-13 -1.024e-09 7.389e-07 -1.718e-04 5.067e-02
0.729 145937 7.399e-17 -3.075e-13 4.947e-10 -3.856e-07 1.429e-04 9.749e-01
-0.133 145937 -1.392e-16 5.753e-13 -9.081e-10 6.563e-07 -1.414e-04 4.671e-02
0.746 145939 8.201e-17 -3.427e-13 5.541e-10 -4.326e-07 1.576e-04 9.732e-01
-0.226 145939 -1.477e-16 6.195e-13 -9.958e-10 7.338e-07 -1.589e-04 5.512e-02
0.803 145940 7.690e-17 -3.221e-13 5.235e-10 -4.127e-07 1.491e-04 9.741e-01
-0.338 145940 -1.460e-16 6.082e-13 -9.700e-10 6.988e-07 -1.167e-04 5.052e-02
0.879 145942 6.359e-17 -2.727e-13 4.593e-10 -3.792e-07 1.390e-04 9.746e-01
-0.483 145942 -1.258e-16 5.438e-13 -8.992e-10 6.607e-07 -8.105e-05 5.031e-02
0.853 145942 7.777e-17 -3.307e-13 5.494e-10 -4.435e-07 1.557e-04 9.730e-01
-0.522 145942 -1.381e-16 5.885e-13 -9.619e-10 6.958e-07 -7.296e-05 5.374e-02
0.916 145943 8.423e-17 -3.544e-13 5.840e-10 -4.698e-07 1.618e-04 9.722e-01
-0.639 145943 -1.273e-16 5.442e-13 -8.921e-10 6.368e-07 -2.890e-05 4.864e-02
0.979 145944 7.775e-17 -3.336e-13 5.639e-10 -4.664e-07 1.600e-04 9.724e-01
-0.760 145944 -1.249e-16 5.448e-13 -9.141e-10 6.679e-07 -2.955e-05 5.347e-02
0.986 145944 8.772e-17 -3.711e-13 6.194e-10 -5.064e-07 1.699e-04 9.712e-01
-0.825 145944 -1.713e-16 7.178e-13 -1.152e-09 8.074e-07 -4.646e-05 5.611e-02
1.001 145945 7.082e-17 -3.115e-13 5.446e-10 -4.674e-07 1.570e-04 9.726e-01
-0.914 145945 -1.451e-16 6.260e-13 -1.034e-09 7.351e-07 -8.459e-06 5.423e-02
1.011 145946 8.099e-17 -3.512e-13 6.077e-10 -5.171e-07 1.663e-04 9.717e-01
-1.045 145946 -1.273e-16 5.537e-13 -9.263e-10 6.519e-07 4.785e-05 5.335e-02
1.024 145947 8.656e-17 -3.779e-13 6.623e-10 -5.720e-07 1.779e-04 9.699e-01
-1.228 145947 -1.498e-16 6.547e-13 -1.096e-09 7.707e-07 4.805e-05 5.877e-02
1.047 145948 6.820e-17 -3.124e-13 5.857e-10 -5.426e-07 1.669e-04 9.709e-01
-1.405 145948 -1.549e-16 6.802e-13 -1.141e-09 7.937e-07 7.441e-05 5.840e-02
1.024 145949 8.118e-17 -3.690e-13 6.850e-10 -6.258e-07 1.824e-04 9.694e-01
-1.569 145949 -1.589e-16 7.006e-13 -1.180e-09 8.119e-07 1.081e-04 6.005e-02
1.057 145949 8.531e-17 -3.887e-13 7.225e-10 -6.616e-07 1.947e-04 9.675e-01
-1.681 145949 -1.594e-16 7.056e-13 -1.195e-09 8.325e-07 1.024e-04 6.278e-02
1.048 145951 8.056e-17 -3.766e-13 7.300e-10 -6.985e-07 1.993e-04 9.666e-01
-1.946 145951 -1.477e-16 6.697e-13 -1.158e-09 8.014e-07 1.585e-04 6.111e-02
1.001 145952 7.924e-17 -3.839e-13 7.755e-10 -7.666e-07 2.068e-04 9.664e-01
-2.231 145952 -1.702e-16 7.704e-13 -1.324e-09 9.058e-07 1.780e-04 6.624e-02
0.956 145954 8.160e-17 -4.087e-13 8.538e-10 -8.652e-07 2.320e-04 9.630e-01
-2.469 145954 -1.869e-16 8.476e-13 -1.454e-09 9.867e-07 1.966e-04 6.754e-02
0.901 145954 8.368e-17 -4.186e-13 8.827e-10 -9.035e-07 2.316e-04 9.634e-01
-2.604 145954 -1.970e-16 8.845e-13 -1.498e-09 9.898e-07 2.343e-04 6.733e-02
0.846 145955 6.382e-17 -3.564e-13 8.279e-10 -9.024e-07 2.265e-04 9.633e-01
-2.726 145955 -1.908e-16 8.710e-13 -1.495e-09 9.865e-07 2.619e-04 6.842e-02
0.823 145956 6.500e-17 -3.653e-13 8.562e-10 -9.402e-07 2.362e-04 9.617e-01
-2.814 145956 -1.967e-16 8.933e-13 -1.524e-09 9.950e-07 2.766e-04 6.826e-02
0.748 145957 8.804e-17 -4.665e-13 1.040e-09 -1.104e-06 2.726e-04 9.576e-01
-3.015 145957 -2.351e-16 1.051e-12 -1.762e-09 1.137e-06 2.771e-04 7.427e-02
0.698 145958 8.091e-17 -4.478e-13 1.039e-09 -1.130e-06 2.717e-04 9.583e-01
-3.127 145958 -2.263e-16 1.018e-12 -1.709e-09 1.078e-06 3.270e-04 7.029e-02
0.660 145959 7.737e-17 -4.448e-13 1.061e-09 -1.173e-06 2.798e-04 9.573e-01
-3.253 145959 -2.485e-16 1.119e-12 -1.877e-09 1.198e-06 3.056e-04 7.544e-02
0.609 145959 6.244e-17 -3.954e-13 1.015e-09 -1.171e-06 2.745e-04 9.573e-01
-3.311 145959 -2.428e-16 1.099e-12 -1.848e-09 1.163e-06 3.399e-04 7.459e-02
0.530 150001 6.833e-17 -4.420e-13 1.144e-09 -1.317e-06 3.058e-04 9.539e-01
-3.521 150001 -2.594e-16 1.175e-12 -1.965e-09 1.216e-06 3.682e-04 7.726e-02
0.422 150002 7.664e-17 -4.978e-13 1.290e-09 -1.481e-06 3.342e-04 9.510e-01
-3.737 150002 -2.953e-16 1.323e-12 -2.176e-09 1.310e-06 4.016e-04 7.864e-02
0.350 150003 1.003e-16 -6.020e-13 1.478e-09 -1.641e-06 3.606e-04 9.482e-01
-3.824 150003 -3.178e-16 1.407e-12 -2.274e-09 1.316e-06 4.534e-04 7.699e-02
0.283 150005 1.073e-16 -6.662e-13 1.652e-09 -1.827e-06 4.047e-04 9.427e-01
-3.951 150005 -3.481e-16 1.532e-12 -2.451e-09 1.396e-06 4.706e-04 8.083e-02
0.252 150006 7.760e-17 -5.579e-13 1.516e-09 -1.758e-06 3.734e-04 9.464e-01
-4.113 150006 -3.345e-16 1.483e-12 -2.375e-09 1.326e-06 5.125e-04 7.879e-02
0.235 150008 1.159e-16 -7.152e-13 1.760e-09 -1.930e-06 4.188e-04 9.418e-01
-4.070 150008 -3.528e-16 1.548e-12 -2.454e-09 1.354e-06 5.201e-04 7.831e-02
0.240 150008 1.177e-16 -7.116e-13 1.735e-09 -1.898e-06 4.058e-04 9.442e-01
-4.086 150008 -3.561e-16 1.561e-12 -2.473e-09 1.366e-06 5.169e-04 7.754e-02
0.236 150009 9.370e-17 -6.279e-13 1.632e-09 -1.847e-06 3.977e-04 9.436e-01
-4.086 150009 -3.494e-16 1.542e-12 -2.459e-09 1.373e-06 5.053e-04 8.129e-02
0.239 150011 8.824e-17 -6.063e-13 1.599e-09 -1.823e-06 3.904e-04 9.448e-01
-4.075 150011 -3.506e-16 1.541e-12 -2.445e-09 1.352e-06 5.183e-04 7.710e-02
0.241 150011 1.031e-16 -6.626e-13 1.676e-09 -1.868e-06 4.027e-04 9.440e-01
-4.080 150011 -3.594e-16 1.577e-12 -2.506e-09 1.403e-06 4.960e-04 8.021e-02
