# 
# MERITEV: polinomiNiz2Korak10.txt
# 
# Vsebuje sile v vzmeti za smeri x in y, case zajema slik in konstante polinoma, popisujocega obliko nosilca.
# Dolzina nosilca, torej najvecja vrednost parametra t je 1294mm
# Koordinate y narascajo navzgor, koordinate x pa desno.
# 
# Nosilec je popisan parametricno.
# Dolocata ga dva polinoma (v x in y smeri):
# 	x[i](t) = Kx[i](**N)*t**N + Kx[i](**N-1)*t**(N-1) + ... + Kx[i](2)*t**2 + K[i](1)*t**1,
# kjer i oznacuje serijo zajema tock, N stopnjo polinoma, Kx(**N) pa konstanto, ki pripada N-ti potenci.
# Ustrezne oznake veljajo za Ky. Ker je konstanta pri nicti potenci enaka nic, so shranjene le konstante potenc, visjih od 1.
# Koordinate so metricne, v milimetrih. Sile so v N. Casi so zapisani v obliki HHMMSS
# 
# Format zapisa:
# SilaX[0],	CasZajema[0]	Kx[0](**N),	...,	Kx[0](**2),	Kx[0](**1)
# SilaY[0]	CasZajema[0]	Ky[0](**N),	...,	Ky[0](**2),	Ky[0](**1)
# SilaX[1],	CasZajema[1]	Kx[1](**N),	...,	Kx[1](**2),	Kx[1](**1)
# SilaY[1]	CasZajema[1]	Ky[1](**N),	...,	Ky[1](**2),	Ky[1](**1)
# 						 .
# 						 .
# 						 .
# 
0.241 145646 -2.313e-18 8.658e-15 -1.069e-11 4.573e-09 -4.506e-07 9.990e-01
-0.226 145646 -3.926e-17 1.517e-13 -2.183e-10 1.617e-07 -9.344e-05 1.514e-02
0.246 145647 6.531e-17 -2.762e-13 4.530e-10 -3.599e-07 1.403e-04 9.750e-01
-0.229 145647 -1.316e-16 5.285e-13 -8.082e-10 6.036e-07 -2.538e-04 4.171e-02
0.296 145647 6.826e-17 -2.830e-13 4.541e-10 -3.541e-07 1.375e-04 9.751e-01
-0.312 145647 -1.242e-16 5.069e-13 -7.903e-10 5.950e-07 -2.274e-04 4.402e-02
0.427 145648 6.045e-17 -2.557e-13 4.197e-10 -3.357e-07 1.335e-04 9.753e-01
-0.495 145648 -1.282e-16 5.218e-13 -8.115e-10 6.060e-07 -2.129e-04 4.393e-02
0.537 145649 7.004e-17 -2.929e-13 4.747e-10 -3.744e-07 1.442e-04 9.740e-01
-0.771 145649 -1.465e-16 6.100e-13 -9.733e-10 7.282e-07 -2.055e-04 5.086e-02
0.551 145649 7.362e-17 -3.066e-13 4.952e-10 -3.889e-07 1.454e-04 9.740e-01
-0.906 145649 -1.202e-16 5.151e-13 -8.451e-10 6.348e-07 -1.388e-04 4.822e-02
0.598 145650 7.511e-17 -3.128e-13 5.049e-10 -3.953e-07 1.458e-04 9.747e-01
-1.009 145650 -1.247e-16 5.222e-13 -8.441e-10 6.307e-07 -1.343e-04 4.843e-02
0.598 145651 7.305e-17 -3.086e-13 5.067e-10 -4.048e-07 1.499e-04 9.737e-01
-1.096 145651 -1.235e-16 5.370e-13 -8.946e-10 6.757e-07 -1.286e-04 4.984e-02
0.627 145652 7.117e-17 -2.999e-13 4.922e-10 -3.940e-07 1.439e-04 9.744e-01
-1.230 145652 -1.142e-16 4.885e-13 -8.022e-10 5.915e-07 -8.045e-05 4.619e-02
0.646 145652 7.121e-17 -2.996e-13 4.939e-10 -3.992e-07 1.446e-04 9.744e-01
-1.377 145652 -1.239e-16 5.280e-13 -8.680e-10 6.408e-07 -7.975e-05 4.854e-02
0.641 145653 7.677e-17 -3.232e-13 5.344e-10 -4.340e-07 1.549e-04 9.724e-01
-1.512 145653 -1.301e-16 5.543e-13 -9.081e-10 6.599e-07 -5.891e-05 4.929e-02
0.655 145654 7.682e-17 -3.265e-13 5.467e-10 -4.502e-07 1.577e-04 9.725e-01
-1.715 145654 -1.376e-16 5.857e-13 -9.600e-10 6.953e-07 -4.864e-05 5.002e-02
0.633 145654 8.451e-17 -3.555e-13 5.907e-10 -4.837e-07 1.641e-04 9.723e-01
-1.842 145654 -1.708e-16 7.233e-13 -1.179e-09 8.523e-07 -7.948e-05 5.775e-02
0.640 145655 7.827e-17 -3.351e-13 5.678e-10 -4.737e-07 1.624e-04 9.720e-01
-1.893 145655 -1.299e-16 5.677e-13 -9.596e-10 7.115e-07 -3.579e-05 5.215e-02
0.632 145656 7.892e-17 -3.349e-13 5.643e-10 -4.707e-07 1.582e-04 9.728e-01
-2.006 145656 -1.285e-16 5.614e-13 -9.483e-10 6.988e-07 -1.913e-05 5.377e-02
0.602 145657 6.912e-17 -3.004e-13 5.254e-10 -4.583e-07 1.541e-04 9.729e-01
-2.164 145657 -1.302e-16 5.731e-13 -9.771e-10 7.232e-07 -5.816e-06 5.419e-02
0.592 145657 7.450e-17 -3.239e-13 5.668e-10 -4.942e-07 1.643e-04 9.716e-01
-2.289 145657 -1.341e-16 5.886e-13 -1.001e-09 7.372e-07 4.127e-06 5.382e-02
0.527 145658 7.320e-17 -3.219e-13 5.758e-10 -5.150e-07 1.671e-04 9.714e-01
-2.433 145658 -1.455e-16 6.398e-13 -1.088e-09 7.935e-07 1.692e-05 5.644e-02
0.493 145659 7.253e-17 -3.218e-13 5.810e-10 -5.241e-07 1.672e-04 9.715e-01
-2.518 145659 -1.428e-16 6.328e-13 -1.083e-09 7.897e-07 3.353e-05 5.545e-02
0.501 145659 7.161e-17 -3.199e-13 5.834e-10 -5.321e-07 1.711e-04 9.707e-01
-2.647 145659 -1.353e-16 6.053e-13 -1.049e-09 7.754e-07 3.750e-05 5.505e-02
0.437 145700 5.807e-17 -2.680e-13 5.164e-10 -5.011e-07 1.589e-04 9.720e-01
-2.812 145700 -1.353e-16 6.111e-13 -1.070e-09 7.924e-07 5.483e-05 5.672e-02
0.422 145701 7.173e-17 -3.220e-13 5.973e-10 -5.581e-07 1.747e-04 9.703e-01
-2.877 145701 -1.714e-16 7.529e-13 -1.279e-09 9.323e-07 1.875e-05 6.099e-02
0.402 145702 7.558e-17 -3.387e-13 6.265e-10 -5.839e-07 1.819e-04 9.695e-01
-2.963 145702 -1.662e-16 7.399e-13 -1.275e-09 9.427e-07 1.780e-05 6.292e-02
0.361 145702 7.595e-17 -3.373e-13 6.239e-10 -5.849e-07 1.781e-04 9.700e-01
-3.042 145702 -1.708e-16 7.569e-13 -1.299e-09 9.544e-07 2.887e-05 6.334e-02
0.306 145703 7.196e-17 -3.275e-13 6.265e-10 -6.067e-07 1.850e-04 9.691e-01
-3.183 145703 -1.591e-16 7.133e-13 -1.240e-09 9.107e-07 6.351e-05 6.001e-02
0.234 145704 7.177e-17 -3.267e-13 6.317e-10 -6.216e-07 1.851e-04 9.691e-01
-3.337 145704 -1.560e-16 7.087e-13 -1.247e-09 9.219e-07 7.687e-05 6.213e-02
0.172 145704 5.827e-17 -2.823e-13 5.870e-10 -6.135e-07 1.827e-04 9.691e-01
-3.483 145704 -1.516e-16 7.003e-13 -1.252e-09 9.345e-07 8.817e-05 6.203e-02
0.075 145705 6.178e-17 -2.985e-13 6.247e-10 -6.588e-07 1.924e-04 9.683e-01
-3.603 145705 -1.669e-16 7.655e-13 -1.357e-09 1.003e-06 9.147e-05 6.542e-02
-0.039 145706 3.915e-17 -2.253e-13 5.522e-10 -6.453e-07 1.862e-04 9.683e-01
-3.725 145706 -1.492e-16 7.068e-13 -1.287e-09 9.543e-07 1.361e-04 6.336e-02
-0.083 145706 5.208e-17 -2.685e-13 6.109e-10 -6.887e-07 1.963e-04 9.675e-01
-3.816 145706 -1.810e-16 8.282e-13 -1.460e-09 1.064e-06 1.176e-04 6.526e-02
-0.132 145707 4.507e-17 -2.469e-13 5.941e-10 -6.937e-07 1.974e-04 9.671e-01
-3.860 145707 -1.720e-16 8.008e-13 -1.434e-09 1.053e-06 1.288e-04 6.655e-02
-0.203 145708 4.351e-17 -2.410e-13 5.914e-10 -7.023e-07 1.947e-04 9.680e-01
-3.956 145708 -1.656e-16 7.754e-13 -1.393e-09 1.013e-06 1.633e-04 6.259e-02
